time	STAY	0 pax	1 pax	2 pax	3 pax	4 pax	5 pax	6 pax
00:00:00	249.16666666666666	0.0	0.0	0.0	0.0	0.0	0.0	0.0
00:05:00	250.0	0.0	0.0	0.0	0.0	0.0	0.0	0.0
00:10:00	250.0	0.0	0.0	0.0	0.0	0.0	0.0	0.0
00:15:00	250.0	0.0	0.0	0.0	0.0	0.0	0.0	0.0
00:20:00	250.0	0.0	0.0	0.0	0.0	0.0	0.0	0.0
00:25:00	250.0	0.0	0.0	0.0	0.0	0.0	0.0	0.0
00:30:00	250.0	0.0	0.0	0.0	0.0	0.0	0.0	0.0
00:35:00	250.0	0.0	0.0	0.0	0.0	0.0	0.0	0.0
00:40:00	250.0	0.0	0.0	0.0	0.0	0.0	0.0	0.0
00:45:00	250.0	0.0	0.0	0.0	0.0	0.0	0.0	0.0
00:50:00	250.0	0.0	0.0	0.0	0.0	0.0	0.0	0.0
00:55:00	250.0	0.0	0.0	0.0	0.0	0.0	0.0	0.0
01:00:00	250.0	0.0	0.0	0.0	0.0	0.0	0.0	0.0
01:05:00	250.0	0.0	0.0	0.0	0.0	0.0	0.0	0.0
01:10:00	250.0	0.0	0.0	0.0	0.0	0.0	0.0	0.0
01:15:00	250.0	0.0	0.0	0.0	0.0	0.0	0.0	0.0
01:20:00	250.0	0.0	0.0	0.0	0.0	0.0	0.0	0.0
01:25:00	250.0	0.0	0.0	0.0	0.0	0.0	0.0	0.0
01:30:00	250.0	0.0	0.0	0.0	0.0	0.0	0.0	0.0
01:35:00	250.0	0.0	0.0	0.0	0.0	0.0	0.0	0.0
01:40:00	250.0	0.0	0.0	0.0	0.0	0.0	0.0	0.0
01:45:00	250.0	0.0	0.0	0.0	0.0	0.0	0.0	0.0
01:50:00	250.0	0.0	0.0	0.0	0.0	0.0	0.0	0.0
01:55:00	250.0	0.0	0.0	0.0	0.0	0.0	0.0	0.0
02:00:00	250.0	0.0	0.0	0.0	0.0	0.0	0.0	0.0
02:05:00	250.0	0.0	0.0	0.0	0.0	0.0	0.0	0.0
02:10:00	250.0	0.0	0.0	0.0	0.0	0.0	0.0	0.0
02:15:00	250.0	0.0	0.0	0.0	0.0	0.0	0.0	0.0
02:20:00	250.0	0.0	0.0	0.0	0.0	0.0	0.0	0.0
02:25:00	250.0	0.0	0.0	0.0	0.0	0.0	0.0	0.0
02:30:00	250.0	0.0	0.0	0.0	0.0	0.0	0.0	0.0
02:35:00	250.0	0.0	0.0	0.0	0.0	0.0	0.0	0.0
02:40:00	250.0	0.0	0.0	0.0	0.0	0.0	0.0	0.0
02:45:00	250.0	0.0	0.0	0.0	0.0	0.0	0.0	0.0
02:50:00	250.0	0.0	0.0	0.0	0.0	0.0	0.0	0.0
02:55:00	250.0	0.0	0.0	0.0	0.0	0.0	0.0	0.0
03:00:00	250.0	0.0	0.0	0.0	0.0	0.0	0.0	0.0
03:05:00	250.0	0.0	0.0	0.0	0.0	0.0	0.0	0.0
03:10:00	250.0	0.0	0.0	0.0	0.0	0.0	0.0	0.0
03:15:00	250.0	0.0	0.0	0.0	0.0	0.0	0.0	0.0
03:20:00	250.0	0.0	0.0	0.0	0.0	0.0	0.0	0.0
03:25:00	250.0	0.0	0.0	0.0	0.0	0.0	0.0	0.0
03:30:00	250.0	0.0	0.0	0.0	0.0	0.0	0.0	0.0
03:35:00	250.0	0.0	0.0	0.0	0.0	0.0	0.0	0.0
03:40:00	250.0	0.0	0.0	0.0	0.0	0.0	0.0	0.0
03:45:00	250.0	0.0	0.0	0.0	0.0	0.0	0.0	0.0
03:50:00	250.0	0.0	0.0	0.0	0.0	0.0	0.0	0.0
03:55:00	250.0	0.0	0.0	0.0	0.0	0.0	0.0	0.0
04:00:00	250.0	0.0	0.0	0.0	0.0	0.0	0.0	0.0
04:05:00	250.0	0.0	0.0	0.0	0.0	0.0	0.0	0.0
04:10:00	250.0	0.0	0.0	0.0	0.0	0.0	0.0	0.0
04:15:00	250.0	0.0	0.0	0.0	0.0	0.0	0.0	0.0
04:20:00	250.0	0.0	0.0	0.0	0.0	0.0	0.0	0.0
04:25:00	250.0	0.0	0.0	0.0	0.0	0.0	0.0	0.0
04:30:00	250.0	0.0	0.0	0.0	0.0	0.0	0.0	0.0
04:35:00	250.0	0.0	0.0	0.0	0.0	0.0	0.0	0.0
04:40:00	250.0	0.0	0.0	0.0	0.0	0.0	0.0	0.0
04:45:00	250.0	0.0	0.0	0.0	0.0	0.0	0.0	0.0
04:50:00	250.0	0.0	0.0	0.0	0.0	0.0	0.0	0.0
04:55:00	250.0	0.0	0.0	0.0	0.0	0.0	0.0	0.0
05:00:00	247.70666666666668	1.7266666666666666	0.5666666666666667	0.0	0.0	0.0	0.0	0.0
05:05:00	243.65	0.9933333333333333	4.59	0.7666666666666667	0.0	0.0	0.0	0.0
05:10:00	236.93	2.8066666666666666	4.48	3.566666666666667	2.0366666666666666	0.18	0.0	0.0
05:15:00	227.4	3.6066666666666665	7.476666666666667	4.906666666666666	3.703333333333333	2.453333333333333	0.4533333333333333	0.0
05:20:00	222.66	4.673333333333333	6.543333333333333	3.84	5.493333333333333	4.29	2.42	0.08
05:25:00	220.39	2.85	8.08	4.263333333333334	3.66	4.74	4.72	1.2966666666666666
05:30:00	217.34666666666666	4.673333333333333	6.636666666666667	3.8533333333333335	5.286666666666667	6.59	3.32	2.2933333333333334
05:35:00	214.05333333333334	4.06	6.383333333333334	8.58	7.333333333333333	4.6066666666666665	4.08	0.9033333333333333
05:40:00	211.50333333333333	4.84	8.876666666666667	7.336666666666667	6.406666666666666	6.456666666666667	3.466666666666667	1.1133333333333333
05:45:00	212.54	3.203333333333333	9.146666666666667	8.02	7.003333333333333	4.973333333333334	4.366666666666666	0.7466666666666667
05:50:00	206.58	6.806666666666667	12.563333333333333	8.126666666666667	8.506666666666666	4.82	2.1166666666666667	0.48
05:55:00	207.60333333333332	4.663333333333333	11.593333333333334	8.95	6.97	5.89	3.4266666666666667	0.9033333333333333
06:00:00	206.39	5.08	9.283333333333333	7.31	9.47	9.086666666666666	2.69	0.69
06:05:00	199.98	6.72	12.516666666666667	10.926666666666666	6.26	7.406666666666666	4.64	1.55
06:10:00	196.12666666666667	5.843333333333334	16.81	11.33	10.683333333333334	4.806666666666667	2.9266666666666667	1.4733333333333334
06:15:00	191.98666666666668	8.85	12.913333333333334	10.536666666666667	11.556666666666667	10.696666666666667	2.9566666666666666	0.5033333333333333
06:20:00	185.23666666666668	12.216666666666667	15.256666666666666	13.206666666666667	11.473333333333333	6.476666666666667	5.22	0.9133333333333333
06:25:00	178.00333333333333	8.95	23.496666666666666	19.886666666666667	8.833333333333334	5.076666666666667	4.676666666666667	1.0766666666666667
06:30:00	170.72333333333333	13.593333333333334	22.06	16.386666666666667	14.496666666666666	9.013333333333334	3.15	0.5766666666666667
06:35:00	157.71666666666667	15.556666666666667	29.206666666666667	16.736666666666668	11.55	10.886666666666667	7.486666666666666	0.86
06:40:00	143.18333333333334	12.076666666666666	31.726666666666667	24.956666666666667	19.706666666666667	9.29	7.113333333333333	1.9466666666666668
06:45:00	124.63666666666667	16.1	29.89	31.393333333333334	25.86	17.186666666666667	4.3133333333333335	0.62
06:50:00	113.02	14.803333333333333	31.346666666666668	34.96333333333333	30.8	18.14	5.3	1.6266666666666667
06:55:00	102.68	14.38	25.49	43.843333333333334	35.11333333333334	18.986666666666668	8.253333333333334	1.2533333333333334
07:00:00	90.81666666666666	13.123333333333333	31.253333333333334	47.04	34.8	23.57	5.616666666666666	3.78
07:05:00	83.49333333333334	12.686666666666667	33.71666666666667	51.82	33.63333333333333	23.23	9.65	1.77
07:10:00	76.63	15.953333333333333	38.32666666666667	48.093333333333334	42.10666666666667	17.66	10.333333333333334	0.8966666666666666
07:15:00	73.41	13.39	51.97666666666667	49.346666666666664	33.0	16.873333333333335	10.32	1.6833333333333333
07:20:00	72.68	13.4	48.903333333333336	49.74	32.666666666666664	27.05	4.75	0.81
07:25:00	75.28666666666666	12.723333333333333	38.45666666666666	48.25333333333333	44.47666666666667	22.123333333333335	7.18	1.5
07:30:00	78.46	11.18	38.26	46.96	41.09	21.143333333333334	10.383333333333333	2.5233333333333334
07:35:00	75.90333333333334	11.87	41.97	49.67	38.94	18.096666666666668	9.18	4.37
07:40:00	80.34666666666666	9.646666666666667	40.38333333333333	47.79	36.95666666666666	21.30666666666667	9.33	4.24
07:45:00	77.27666666666667	10.5	42.06333333333333	48.6	39.376666666666665	20.15	8.82	3.2133333333333334
07:50:00	80.71666666666667	8.36	41.06666666666667	48.17	36.846666666666664	23.16	8.35	3.33
07:55:00	85.74333333333334	9.123333333333333	36.513333333333335	50.11666666666667	34.873333333333335	20.186666666666667	9.63	3.8133333333333335
08:00:00	90.91	9.83	32.516666666666666	47.63666666666666	33.46	20.473333333333333	12.153333333333334	3.02
08:05:00	94.3	9.043333333333333	37.31666666666667	41.50666666666667	35.74666666666667	20.983333333333334	7.98	3.1233333333333335
08:10:00	101.24666666666667	9.01	31.626666666666665	42.38	38.516666666666666	20.48	6.26	0.48
08:15:00	107.54666666666667	10.093333333333334	25.57	42.70333333333333	40.44	19.223333333333333	3.4566666666666666	0.9666666666666667
08:20:00	108.68666666666667	9.396666666666667	34.19	41.223333333333336	30.57	18.613333333333333	6.68	0.64
08:25:00	115.08333333333333	7.1033333333333335	34.913333333333334	36.33	31.13	14.65	9.116666666666667	1.6733333333333333
08:30:00	124.32333333333334	8.913333333333334	28.723333333333333	31.89666666666667	29.093333333333334	18.293333333333333	7.86	0.8966666666666666
08:35:00	131.06	7.403333333333333	32.88333333333333	34.39	24.95	11.41	7.27	0.6333333333333333
08:40:00	140.40333333333334	5.49	34.75666666666667	33.2	20.21	11.61	3.46	0.87
08:45:00	152.50666666666666	7.323333333333333	32.39666666666667	25.756666666666668	15.266666666666667	10.99	4.526666666666666	1.2333333333333334
08:50:00	166.29	7.513333333333334	25.19333333333333	20.706666666666667	19.41	5.99	4.076666666666667	0.82
08:55:00	174.92333333333335	8.156666666666666	21.533333333333335	19.82	15.473333333333333	7.763333333333334	2.33	0.0
09:00:00	182.15666666666667	5.316666666666666	21.49	15.926666666666666	13.633333333333333	6.846666666666667	4.11	0.52
09:05:00	186.96333333333334	6.446666666666666	17.846666666666668	15.616666666666667	13.493333333333334	7.293333333333333	1.9	0.44
09:10:00	193.51666666666668	5.976666666666667	19.886666666666667	9.03	8.12	10.12	2.41	0.94
09:15:00	197.94666666666666	6.3	15.613333333333333	13.313333333333333	9.356666666666667	4.826666666666667	2.05	0.5933333333333334
09:20:00	198.86	5.6466666666666665	17.186666666666667	13.493333333333334	8.62	4.076666666666667	1.72	0.39666666666666667
09:25:00	202.13333333333333	7.3	12.413333333333334	10.743333333333334	8.633333333333333	4.503333333333333	3.5766666666666667	0.6966666666666667
09:30:00	209.31	3.716666666666667	11.186666666666667	9.26	8.896666666666667	5.616666666666666	2.013333333333333	0.0
09:35:00	209.81333333333333	4.266666666666667	8.066666666666666	12.286666666666667	7.66	6.166666666666667	1.74	0.0
09:40:00	209.39666666666668	6.09	11.5	7.756666666666667	7.473333333333334	6.076666666666667	1.7066666666666668	0.0
09:45:00	212.26666666666668	5.013333333333334	11.69	7.786666666666667	7.25	3.62	1.6233333333333333	0.75
09:50:00	211.10666666666665	4.366666666666666	11.27	12.686666666666667	4.3966666666666665	3.5966666666666667	1.8833333333333333	0.6933333333333334
09:55:00	210.70666666666668	4.863333333333333	8.513333333333334	10.126666666666667	9.826666666666666	4.966666666666667	0.9966666666666667	0.0
10:00:00	209.29	4.84	12.116666666666667	9.403333333333334	8.473333333333333	3.3466666666666667	1.8133333333333332	0.7166666666666667
10:05:00	208.43	4.746666666666667	12.25	10.4	6.476666666666667	4.443333333333333	2.32	0.9333333333333333
10:10:00	206.58666666666667	4.21	11.646666666666667	9.22	9.903333333333334	4.366666666666666	2.1866666666666665	1.88
10:15:00	205.49	4.1066666666666665	11.27	11.95	7.976666666666667	5.623333333333333	2.513333333333333	1.07
10:20:00	205.84	6.31	10.2	7.883333333333334	12.166666666666666	6.1	1.27	0.23
10:25:00	204.69333333333333	4.49	12.636666666666667	12.463333333333333	9.103333333333333	4.556666666666667	1.7366666666666666	0.32
10:30:00	206.49666666666667	2.65	12.276666666666667	15.03	7.426666666666667	4.256666666666667	1.55	0.31333333333333335
10:35:00	207.06	5.326666666666667	9.706666666666667	9.85	7.866666666666666	6.676666666666667	3.513333333333333	0.0
10:40:00	206.67	4.513333333333334	10.366666666666667	9.5	9.686666666666667	6.336666666666667	2.8966666666666665	0.03
10:45:00	202.07666666666665	5.933333333333334	14.353333333333333	12.146666666666667	9.956666666666667	3.89	0.8933333333333333	0.75
10:50:00	203.73666666666668	5.91	12.666666666666666	12.106666666666667	10.956666666666667	3.6866666666666665	0.9366666666666666	0.0
10:55:00	202.48333333333332	6.07	12.15	12.24	10.19	5.576666666666667	1.29	0.0
11:00:00	201.43	3.78	15.563333333333333	13.57	8.023333333333333	4.98	2.6533333333333333	0.0
11:05:00	201.79333333333332	2.56	13.47	17.12	10.68	3.0233333333333334	1.0133333333333334	0.34
11:10:00	200.42	5.193333333333333	12.463333333333333	14.32	11.073333333333334	5.32	0.7233333333333334	0.4866666666666667
11:15:00	198.66	5.39	14.313333333333333	14.536666666666667	7.873333333333333	5.6466666666666665	2.493333333333333	1.0866666666666667
11:20:00	198.59333333333333	5.296666666666667	10.626666666666667	14.673333333333334	11.08	6.92	2.81	0.0
11:25:00	194.23666666666668	5.59	16.356666666666666	13.293333333333333	12.663333333333334	6.963333333333333	0.8966666666666666	0.0
11:30:00	198.11	3.453333333333333	12.736666666666666	14.726666666666667	11.946666666666667	7.823333333333333	1.2033333333333334	0.0
11:35:00	200.57	3.8266666666666667	12.816666666666666	13.333333333333334	11.736666666666666	5.93	1.7866666666666666	0.0
11:40:00	198.18666666666667	2.1	16.25	16.17	10.203333333333333	5.816666666666666	1.2733333333333334	0.0
11:45:00	200.49333333333334	3.9133333333333336	14.376666666666667	13.52	10.233333333333333	4.366666666666666	2.316666666666667	0.78
11:50:00	204.13333333333333	3.68	12.796666666666667	12.953333333333333	8.04	5.456666666666667	1.7366666666666666	1.2033333333333334
11:55:00	206.45666666666668	5.9	8.856666666666667	14.25	8.043333333333333	5.036666666666667	1.4566666666666668	0.0
12:00:00	205.50666666666666	5.09	13.676666666666666	13.686666666666667	6.816666666666666	4.543333333333333	0.68	0.0
12:05:00	209.24666666666667	3.5866666666666664	11.5	13.39	7.443333333333333	3.0933333333333333	1.74	0.0
12:10:00	204.89666666666668	6.98	13.513333333333334	9.47	8.59	5.176666666666667	1.06	0.31333333333333335
12:15:00	202.83666666666667	4.6066666666666665	13.996666666666666	12.79	8.68	5.1433333333333335	1.51	0.43666666666666665
12:20:00	204.27333333333334	3.9033333333333333	10.123333333333333	14.176666666666666	9.75	6.406666666666666	1.3666666666666667	0.0
12:25:00	201.51333333333332	4.243333333333333	11.723333333333333	11.86	12.726666666666667	5.116666666666666	2.4233333333333333	0.3933333333333333
12:30:00	200.91333333333333	1.8366666666666667	12.396666666666667	16.65	9.896666666666667	6.1433333333333335	2.1633333333333336	0.0
12:35:00	201.90666666666667	2.0166666666666666	11.323333333333334	20.25	9.843333333333334	3.29	1.3233333333333333	0.04666666666666667
12:40:00	207.05666666666667	3.1733333333333333	12.153333333333334	13.193333333333333	7.57	5.04	1.1733333333333333	0.64
12:45:00	214.79666666666665	3.8233333333333333	8.18	10.09	8.396666666666667	3.533333333333333	0.7833333333333333	0.39666666666666667
12:50:00	220.39666666666668	2.5966666666666667	12.216666666666667	6.323333333333333	4.076666666666667	2.0433333333333334	1.7833333333333334	0.5633333333333334
12:55:00	226.87	3.13	7.52	6.816666666666666	2.4133333333333336	1.2166666666666666	1.3133333333333332	0.72
13:00:00	228.35666666666665	3.19	5.426666666666667	4.9	4.703333333333333	2.0733333333333333	1.0266666666666666	0.3233333333333333
13:05:00	223.58666666666667	2.3933333333333335	7.48	5.173333333333333	5.443333333333333	4.816666666666666	0.9233333333333333	0.18333333333333332
13:10:00	225.75666666666666	2.6333333333333333	4.433333333333334	4.1866666666666665	4.823333333333333	5.166666666666667	2.34	0.66
13:15:00	225.00666666666666	2.7066666666666666	4.883333333333334	5.3933333333333335	4.876666666666667	3.5933333333333333	2.46	1.08
13:20:00	225.44666666666666	2.4166666666666665	7.01	3.6733333333333333	3.55	4.203333333333333	3.64	0.06
13:25:00	226.75333333333333	3.57	6.613333333333333	3.59	2.8966666666666665	2.5	2.8433333333333333	1.2333333333333334
13:30:00	225.85	3.6333333333333333	7.8133333333333335	3.91	3.506666666666667	3.3766666666666665	1.91	0.0
13:35:00	227.13333333333333	2.1966666666666668	5.92	4.77	5.373333333333333	3.183333333333333	1.31	0.11333333333333333
13:40:00	225.35666666666665	3.52	6.3566666666666665	3.9766666666666666	3.16	3.6733333333333333	3.37	0.5866666666666667
13:45:00	224.73333333333332	2.5933333333333333	7.42	4.963333333333333	3.2733333333333334	2.743333333333333	1.9566666666666668	2.316666666666667
13:50:00	223.39333333333335	2.4	5.5633333333333335	4.6866666666666665	7.693333333333333	3.99	2.0533333333333332	0.22
13:55:00	221.15666666666667	3.703333333333333	8.163333333333334	3.3066666666666666	3.93	5.81	2.8066666666666666	1.1233333333333333
14:00:00	222.33	3.1666666666666665	6.86	5.816666666666666	4.36	3.473333333333333	2.6066666666666665	1.3866666666666667
14:05:00	218.21	5.693333333333333	8.586666666666666	4.343333333333334	5.75	4.83	2.2266666666666666	0.36
14:10:00	215.67	4.023333333333333	12.34	7.133333333333334	5.993333333333333	3.973333333333333	0.8666666666666667	0.0
14:15:00	211.14	6.76	11.76	8.993333333333334	5.48	3.5366666666666666	2.07	0.26
14:20:00	207.05333333333334	5.276666666666666	12.77	7.363333333333333	8.333333333333334	5.53	3.3333333333333335	0.34
14:25:00	199.66	7.116666666666666	14.33	9.316666666666666	9.466666666666667	5.273333333333333	3.3366666666666664	1.5
14:30:00	191.53	7.87	19.416666666666668	8.63	10.676666666666666	7.863333333333333	2.8266666666666667	1.1866666666666668
14:35:00	188.42666666666668	6.776666666666666	20.976666666666667	11.533333333333333	9.07	7.68	4.536666666666667	1.0
14:40:00	177.77	9.433333333333334	19.783333333333335	15.973333333333333	10.716666666666667	11.713333333333333	4.61	0.0
14:45:00	167.49333333333334	11.126666666666667	19.89666666666667	17.293333333333333	19.05666666666667	9.306666666666667	4.94	0.8866666666666667
14:50:00	162.97333333333333	8.406666666666666	26.30666666666667	18.03	15.66	13.056666666666667	3.9366666666666665	1.63
14:55:00	153.36333333333334	9.826666666666666	22.786666666666665	24.116666666666667	19.956666666666667	13.96	4.093333333333334	1.8966666666666667
15:00:00	143.42	9.086666666666666	23.44	28.616666666666667	24.82	13.736666666666666	6.026666666666666	0.8533333333333334
15:05:00	135.45	9.486666666666666	27.996666666666666	29.233333333333334	21.543333333333333	18.386666666666667	6.253333333333333	1.65
15:10:00	130.64333333333335	8.653333333333334	28.433333333333334	31.176666666666666	24.493333333333332	20.133333333333333	5.08	1.3866666666666667
15:15:00	121.21666666666667	13.16	32.27	31.436666666666667	31.59	12.763333333333334	5.8566666666666665	1.7066666666666668
15:20:00	116.37333333333333	11.773333333333333	28.033333333333335	40.39333333333333	28.37	18.01	6.363333333333333	0.6833333333333333
15:25:00	109.78	14.846666666666666	31.59	32.92333333333333	32.906666666666666	19.086666666666666	6.76	2.1066666666666665
15:30:00	103.9	15.65	29.916666666666668	37.47	35.42333333333333	16.9	9.133333333333333	1.6066666666666667
15:35:00	93.72333333333333	18.676666666666666	31.636666666666667	38.306666666666665	37.723333333333336	19.38	8.953333333333333	1.6
15:40:00	87.29333333333334	13.72	36.53666666666667	43.09	36.6	23.093333333333334	8.493333333333334	1.1733333333333333
15:45:00	84.61333333333333	13.45	40.61	41.016666666666666	37.32	22.266666666666666	8.396666666666667	2.3266666666666667
15:50:00	83.5	9.61	42.32333333333333	46.67333333333333	41.86333333333334	19.356666666666666	5.703333333333333	0.97
15:55:00	89.33666666666667	9.93	37.083333333333336	47.13333333333333	36.026666666666664	23.796666666666667	5.216666666666667	1.4766666666666666
16:00:00	93.53333333333333	12.746666666666666	34.52333333333333	42.3	37.64666666666667	20.616666666666667	5.576666666666667	3.0566666666666666
16:05:00	91.18666666666667	12.06	39.65	44.833333333333336	35.28333333333333	16.173333333333332	8.31	2.5033333333333334
16:10:00	86.35333333333334	14.94	35.36	45.14666666666667	39.71666666666667	17.04	9.703333333333333	1.74
16:15:00	80.92333333333333	13.39	45.93666666666667	44.26	35.83	20.03	8.823333333333334	0.8066666666666666
16:20:00	80.44666666666667	10.63	42.92	52.64666666666667	39.13666666666666	17.046666666666667	5.04	2.1333333333333333
16:25:00	84.11333333333333	14.666666666666666	43.69	41.56666666666667	34.346666666666664	23.46	6.503333333333333	1.6533333333333333
16:30:00	85.31666666666666	17.023333333333333	42.97	35.196666666666665	42.75	17.816666666666666	6.206666666666667	2.72
16:35:00	83.87333333333333	15.476666666666667	41.94	44.42333333333333	33.49333333333333	17.68	10.473333333333333	2.64
16:40:00	90.23333333333333	10.2	44.263333333333335	41.5	31.466666666666665	19.67	11.5	1.1666666666666667
16:45:00	93.68333333333334	8.486666666666666	42.21	43.96333333333333	36.14	18.99	5.536666666666667	0.99
16:50:00	102.24	11.023333333333333	45.85666666666667	41.95333333333333	33.343333333333334	11.6	3.763333333333333	0.22
16:55:00	118.31333333333333	8.73	37.02333333333333	49.04666666666667	26.97	6.283333333333333	1.89	1.7433333333333334
17:00:00	125.61	9.033333333333333	42.50666666666667	33.836666666666666	22.143333333333334	12.096666666666666	4.29	0.48333333333333334
17:05:00	138.49	8.263333333333334	32.89	35.35	21.14	7.623333333333333	5.276666666666666	0.9666666666666667
17:10:00	146.01333333333332	8.456666666666667	32.07	32.733333333333334	20.946666666666665	8.573333333333334	0.8466666666666667	0.36
17:15:00	155.28666666666666	8.746666666666666	27.293333333333333	29.746666666666666	18.973333333333333	6.543333333333333	3.33	0.08
17:20:00	160.85666666666665	10.433333333333334	28.593333333333334	22.41	16.463333333333335	8.526666666666667	1.7166666666666666	1.0
17:25:00	171.93666666666667	6.18	22.293333333333333	20.88	16.413333333333334	7.7	3.9366666666666665	0.66
17:30:00	178.61333333333334	5.906666666666666	24.143333333333334	20.113333333333333	14.193333333333333	4.213333333333333	2.2	0.6166666666666667
17:35:00	184.76	8.063333333333333	23.79	14.993333333333334	8.183333333333334	7.37	2.19	0.65
17:40:00	187.36333333333334	7.81	19.063333333333333	16.756666666666668	10.113333333333333	5.823333333333333	2.9833333333333334	0.08666666666666667
17:45:00	193.90666666666667	3.6566666666666667	16.346666666666668	17.133333333333333	13.326666666666666	5.22	0.41	0.0
17:50:00	198.93	4.593333333333334	15.903333333333334	18.54	6.493333333333333	5.403333333333333	0.13666666666666666	0.0
17:55:00	196.71666666666667	9.286666666666667	19.583333333333332	13.016666666666667	8.34	2.8833333333333333	0.17333333333333334	0.0
18:00:00	198.62666666666667	9.03	24.06	10.14	5.136666666666667	2.8633333333333333	0.14333333333333334	0.0
18:05:00	207.53	7.586666666666667	15.666666666666666	9.786666666666667	6.006666666666667	2.5033333333333334	0.92	0.0
18:10:00	209.53666666666666	3.9133333333333336	11.106666666666667	10.926666666666666	9.766666666666667	4.546666666666667	0.20333333333333334	0.0
18:15:00	209.23333333333332	5.336666666666667	9.266666666666667	10.23	10.9	5.02	0.013333333333333334	0.0
18:20:00	208.28333333333333	4.61	9.693333333333333	13.36	10.743333333333334	2.25	1.06	0.0
18:25:00	207.38666666666666	7.483333333333333	11.39	9.92	8.37	4.756666666666667	0.6933333333333334	0.0
18:30:00	210.21333333333334	5.673333333333333	14.556666666666667	8.373333333333333	5.836666666666667	3.8633333333333333	1.4833333333333334	0.0
18:35:00	211.86666666666667	8.713333333333333	8.3	9.94	9.07	1.7733333333333334	0.33666666666666667	0.0
18:40:00	214.27666666666667	6.37	9.73	12.763333333333334	3.52	1.8	1.5066666666666666	0.03333333333333333
18:45:00	214.00333333333333	6.52	12.87	5.253333333333333	7.07	3.16	0.9033333333333333	0.22
18:50:00	215.99333333333334	5.653333333333333	9.7	9.753333333333334	5.21	3.09	0.6	0.0
18:55:00	218.98	4.086666666666667	12.436666666666667	6.196666666666666	4.776666666666666	3.5233333333333334	0.0	0.0
19:00:00	220.69666666666666	4.663333333333333	8.053333333333333	5.286666666666667	6.5633333333333335	4.323333333333333	0.41333333333333333	0.0
19:05:00	220.95	3.236666666666667	9.15	8.41	6.3133333333333335	1.4866666666666666	0.4533333333333333	0.0
19:10:00	221.39666666666668	5.846666666666667	7.48	8.25	2.5166666666666666	3.72	0.79	0.0
19:15:00	223.44	4.766666666666667	6.693333333333333	5.92	5.36	2.82	0.71	0.29
19:20:00	225.13333333333333	3.81	5.693333333333333	7.013333333333334	4.656666666666666	2.4166666666666665	0.5433333333333333	0.7333333333333333
19:25:00	225.88	4.056666666666667	5.573333333333333	6.883333333333334	4.503333333333333	2.82	0.2833333333333333	0.0
19:30:00	225.17333333333335	4.41	5.22	6.746666666666667	5.753333333333333	2.01	0.6866666666666666	0.0
19:35:00	225.42666666666668	3.9633333333333334	7.74	6.206666666666667	4.126666666666667	2.0533333333333332	0.48333333333333334	0.0
19:40:00	227.81	5.523333333333333	6.5	4.73	3.6666666666666665	1.77	0.0	0.0
19:45:00	230.20333333333335	2.69	6.616666666666666	6.753333333333333	2.36	1.06	0.31666666666666665	0.0
19:50:00	230.15	4.72	5.123333333333333	6.6866666666666665	3.033333333333333	0.2866666666666667	0.0	0.0
19:55:00	232.42666666666668	3.5733333333333333	7.113333333333333	3.953333333333333	0.57	1.46	0.9033333333333333	0.0
20:00:00	232.83	4.61	4.266666666666667	3.243333333333333	2.6666666666666665	2.09	0.29333333333333333	0.0
20:05:00	233.37666666666667	2.31	3.723333333333333	5.443333333333333	4.5633333333333335	0.5833333333333334	0.0	0.0
20:10:00	232.78	2.743333333333333	3.7066666666666666	7.39	2.986666666666667	0.3933333333333333	0.0	0.0
20:15:00	232.84666666666666	2.9566666666666666	5.463333333333333	3.7666666666666666	3.6166666666666667	1.35	0.0	0.0
20:20:00	233.16666666666666	3.95	3.933333333333333	5.076666666666667	2.4566666666666666	0.9566666666666667	0.46	0.0
20:25:00	232.87333333333333	3.6866666666666665	4.93	4.363333333333333	2.8866666666666667	1.26	0.0	0.0
20:30:00	234.53333333333333	2.7466666666666666	3.683333333333333	5.22	3.816666666666667	0.0	0.0	0.0
20:35:00	234.07333333333332	2.47	6.006666666666667	4.21	2.59	0.65	0.0	0.0
20:40:00	234.64	3.25	6.156666666666666	1.68	1.7466666666666666	2.526666666666667	0.0	0.0
20:45:00	236.56333333333333	2.84	3.27	4.74	2.44	0.14666666666666667	0.0	0.0
20:50:00	236.08333333333334	3.6033333333333335	4.6066666666666665	2.49	2.006666666666667	1.21	0.0	0.0
20:55:00	236.92333333333335	1.81	4.8933333333333335	2.7133333333333334	2.5866666666666664	1.0733333333333333	0.0	0.0
21:00:00	236.55666666666667	2.993333333333333	2.3533333333333335	3.43	3.79	0.8766666666666667	0.0	0.0
21:05:00	237.39	1.41	3.1466666666666665	4.616666666666666	3.4366666666666665	0.0	0.0	0.0
21:10:00	238.20333333333335	0.6766666666666666	5.226666666666667	3.83	2.0633333333333335	0.0	0.0	0.0
21:15:00	239.17	2.95	4.75	2.5833333333333335	0.5466666666666666	0.0	0.0	0.0
21:20:00	241.83	0.8166666666666667	4.78	0.5733333333333334	1.2566666666666666	0.7433333333333333	0.0	0.0
21:25:00	243.93	1.7	0.05333333333333334	1.75	2.566666666666667	0.0	0.0	0.0
21:30:00	242.31666666666666	2.4266666666666667	1.8433333333333333	1.6966666666666668	0.88	0.44333333333333336	0.3933333333333333	0.0
21:35:00	242.23	0.46	3.9266666666666667	1.6766666666666667	0.77	0.52	0.4166666666666667	0.0
21:40:00	244.48	0.9766666666666667	0.9033333333333333	1.0733333333333333	1.6133333333333333	0.7133333333333334	0.24	0.0
21:45:00	245.3	0.8833333333333333	1.6733333333333333	0.26666666666666666	0.8766666666666667	0.3233333333333333	0.6766666666666666	0.0
21:50:00	245.0	0.83	1.8366666666666667	1.1766666666666667	0.6266666666666667	0.53	0.0	0.0
21:55:00	245.35	1.48	1.76	0.6333333333333333	0.31	0.4666666666666667	0.0	0.0
22:00:00	246.49333333333334	0.61	1.4	1.4966666666666666	0.0	0.0	0.0	0.0
22:05:00	246.45333333333335	0.5466666666666666	1.72	1.1833333333333333	0.09666666666666666	0.0	0.0	0.0
22:10:00	246.62	0.66	1.4066666666666667	0.31333333333333335	0.44666666666666666	0.3566666666666667	0.19666666666666666	0.0
22:15:00	247.65333333333334	0.3466666666666667	0.26	0.74	0.11333333333333333	0.5066666666666667	0.38	0.0
22:20:00	247.0	0.6733333333333333	1.5066666666666666	0.48333333333333334	0.33666666666666667	0.0	0.0	0.0
22:25:00	247.33666666666667	1.1133333333333333	1.31	0.24	0.0	0.0	0.0	0.0
22:30:00	248.0	0.34	0.87	0.79	0.0	0.0	0.0	0.0
22:35:00	248.64333333333335	0.4	0.9566666666666667	0.0	0.0	0.0	0.0	0.0
22:40:00	250.0	0.0	0.0	0.0	0.0	0.0	0.0	0.0
22:45:00	250.0	0.0	0.0	0.0	0.0	0.0	0.0	0.0
22:50:00	250.0	0.0	0.0	0.0	0.0	0.0	0.0	0.0
22:55:00	250.0	0.0	0.0	0.0	0.0	0.0	0.0	0.0
23:00:00	250.0	0.0	0.0	0.0	0.0	0.0	0.0	0.0
23:05:00	250.0	0.0	0.0	0.0	0.0	0.0	0.0	0.0
23:10:00	250.0	0.0	0.0	0.0	0.0	0.0	0.0	0.0
23:15:00	250.0	0.0	0.0	0.0	0.0	0.0	0.0	0.0
23:20:00	250.0	0.0	0.0	0.0	0.0	0.0	0.0	0.0
23:25:00	250.0	0.0	0.0	0.0	0.0	0.0	0.0	0.0
23:30:00	250.0	0.0	0.0	0.0	0.0	0.0	0.0	0.0
23:35:00	250.0	0.0	0.0	0.0	0.0	0.0	0.0	0.0
23:40:00	250.0	0.0	0.0	0.0	0.0	0.0	0.0	0.0
23:45:00	250.0	0.0	0.0	0.0	0.0	0.0	0.0	0.0
23:50:00	250.0	0.0	0.0	0.0	0.0	0.0	0.0	0.0
23:55:00	250.0	0.0	0.0	0.0	0.0	0.0	0.0	0.0
24:00:00	0.0	0.0	0.0	0.0	0.0	0.0	0.0	0.0
