time	STAY	0 pax	1 pax	2 pax	3 pax	4 pax	5 pax	6 pax	7 pax	8 pax
00:00:00	398.6666666666667	0.0	0.0	0.0	0.0	0.0	0.0	0.0	0.0	0.0
00:05:00	400.0	0.0	0.0	0.0	0.0	0.0	0.0	0.0	0.0	0.0
00:10:00	400.0	0.0	0.0	0.0	0.0	0.0	0.0	0.0	0.0	0.0
00:15:00	400.0	0.0	0.0	0.0	0.0	0.0	0.0	0.0	0.0	0.0
00:20:00	400.0	0.0	0.0	0.0	0.0	0.0	0.0	0.0	0.0	0.0
00:25:00	400.0	0.0	0.0	0.0	0.0	0.0	0.0	0.0	0.0	0.0
00:30:00	400.0	0.0	0.0	0.0	0.0	0.0	0.0	0.0	0.0	0.0
00:35:00	400.0	0.0	0.0	0.0	0.0	0.0	0.0	0.0	0.0	0.0
00:40:00	400.0	0.0	0.0	0.0	0.0	0.0	0.0	0.0	0.0	0.0
00:45:00	400.0	0.0	0.0	0.0	0.0	0.0	0.0	0.0	0.0	0.0
00:50:00	400.0	0.0	0.0	0.0	0.0	0.0	0.0	0.0	0.0	0.0
00:55:00	400.0	0.0	0.0	0.0	0.0	0.0	0.0	0.0	0.0	0.0
01:00:00	400.0	0.0	0.0	0.0	0.0	0.0	0.0	0.0	0.0	0.0
01:05:00	400.0	0.0	0.0	0.0	0.0	0.0	0.0	0.0	0.0	0.0
01:10:00	400.0	0.0	0.0	0.0	0.0	0.0	0.0	0.0	0.0	0.0
01:15:00	400.0	0.0	0.0	0.0	0.0	0.0	0.0	0.0	0.0	0.0
01:20:00	400.0	0.0	0.0	0.0	0.0	0.0	0.0	0.0	0.0	0.0
01:25:00	400.0	0.0	0.0	0.0	0.0	0.0	0.0	0.0	0.0	0.0
01:30:00	400.0	0.0	0.0	0.0	0.0	0.0	0.0	0.0	0.0	0.0
01:35:00	400.0	0.0	0.0	0.0	0.0	0.0	0.0	0.0	0.0	0.0
01:40:00	400.0	0.0	0.0	0.0	0.0	0.0	0.0	0.0	0.0	0.0
01:45:00	400.0	0.0	0.0	0.0	0.0	0.0	0.0	0.0	0.0	0.0
01:50:00	400.0	0.0	0.0	0.0	0.0	0.0	0.0	0.0	0.0	0.0
01:55:00	400.0	0.0	0.0	0.0	0.0	0.0	0.0	0.0	0.0	0.0
02:00:00	400.0	0.0	0.0	0.0	0.0	0.0	0.0	0.0	0.0	0.0
02:05:00	400.0	0.0	0.0	0.0	0.0	0.0	0.0	0.0	0.0	0.0
02:10:00	400.0	0.0	0.0	0.0	0.0	0.0	0.0	0.0	0.0	0.0
02:15:00	400.0	0.0	0.0	0.0	0.0	0.0	0.0	0.0	0.0	0.0
02:20:00	400.0	0.0	0.0	0.0	0.0	0.0	0.0	0.0	0.0	0.0
02:25:00	400.0	0.0	0.0	0.0	0.0	0.0	0.0	0.0	0.0	0.0
02:30:00	400.0	0.0	0.0	0.0	0.0	0.0	0.0	0.0	0.0	0.0
02:35:00	400.0	0.0	0.0	0.0	0.0	0.0	0.0	0.0	0.0	0.0
02:40:00	400.0	0.0	0.0	0.0	0.0	0.0	0.0	0.0	0.0	0.0
02:45:00	400.0	0.0	0.0	0.0	0.0	0.0	0.0	0.0	0.0	0.0
02:50:00	400.0	0.0	0.0	0.0	0.0	0.0	0.0	0.0	0.0	0.0
02:55:00	400.0	0.0	0.0	0.0	0.0	0.0	0.0	0.0	0.0	0.0
03:00:00	400.0	0.0	0.0	0.0	0.0	0.0	0.0	0.0	0.0	0.0
03:05:00	400.0	0.0	0.0	0.0	0.0	0.0	0.0	0.0	0.0	0.0
03:10:00	400.0	0.0	0.0	0.0	0.0	0.0	0.0	0.0	0.0	0.0
03:15:00	400.0	0.0	0.0	0.0	0.0	0.0	0.0	0.0	0.0	0.0
03:20:00	400.0	0.0	0.0	0.0	0.0	0.0	0.0	0.0	0.0	0.0
03:25:00	400.0	0.0	0.0	0.0	0.0	0.0	0.0	0.0	0.0	0.0
03:30:00	400.0	0.0	0.0	0.0	0.0	0.0	0.0	0.0	0.0	0.0
03:35:00	400.0	0.0	0.0	0.0	0.0	0.0	0.0	0.0	0.0	0.0
03:40:00	400.0	0.0	0.0	0.0	0.0	0.0	0.0	0.0	0.0	0.0
03:45:00	400.0	0.0	0.0	0.0	0.0	0.0	0.0	0.0	0.0	0.0
03:50:00	400.0	0.0	0.0	0.0	0.0	0.0	0.0	0.0	0.0	0.0
03:55:00	400.0	0.0	0.0	0.0	0.0	0.0	0.0	0.0	0.0	0.0
04:00:00	400.0	0.0	0.0	0.0	0.0	0.0	0.0	0.0	0.0	0.0
04:05:00	400.0	0.0	0.0	0.0	0.0	0.0	0.0	0.0	0.0	0.0
04:10:00	400.0	0.0	0.0	0.0	0.0	0.0	0.0	0.0	0.0	0.0
04:15:00	400.0	0.0	0.0	0.0	0.0	0.0	0.0	0.0	0.0	0.0
04:20:00	400.0	0.0	0.0	0.0	0.0	0.0	0.0	0.0	0.0	0.0
04:25:00	400.0	0.0	0.0	0.0	0.0	0.0	0.0	0.0	0.0	0.0
04:30:00	400.0	0.0	0.0	0.0	0.0	0.0	0.0	0.0	0.0	0.0
04:35:00	400.0	0.0	0.0	0.0	0.0	0.0	0.0	0.0	0.0	0.0
04:40:00	400.0	0.0	0.0	0.0	0.0	0.0	0.0	0.0	0.0	0.0
04:45:00	400.0	0.0	0.0	0.0	0.0	0.0	0.0	0.0	0.0	0.0
04:50:00	400.0	0.0	0.0	0.0	0.0	0.0	0.0	0.0	0.0	0.0
04:55:00	400.0	0.0	0.0	0.0	0.0	0.0	0.0	0.0	0.0	0.0
05:00:00	397.5733333333333	1.5166666666666666	0.91	0.0	0.0	0.0	0.0	0.0	0.0	0.0
05:05:00	391.24666666666667	2.35	5.433333333333334	0.97	0.0	0.0	0.0	0.0	0.0	0.0
05:10:00	386.6533333333333	3.1366666666666667	5.8	2.5866666666666664	1.2433333333333334	0.58	0.0	0.0	0.0	0.0
05:15:00	379.67333333333335	3.63	6.876666666666667	5.38	1.86	1.6233333333333333	0.9566666666666667	0.0	0.0	0.0
05:20:00	373.82	4.176666666666667	6.96	4.373333333333333	4.753333333333333	1.9066666666666667	2.1966666666666668	1.4033333333333333	0.41	0.0
05:25:00	370.93333333333334	2.9233333333333333	7.3	2.8866666666666667	3.4433333333333334	6.08	4.2	1.9933333333333334	0.24	0.0
05:30:00	366.78	4.26	6.86	4.376666666666667	6.81	6.216666666666667	3.35	1.0266666666666666	0.32	0.0
05:35:00	361.46	4.266666666666667	12.003333333333334	6.256666666666667	6.276666666666666	3.1233333333333335	4.98	1.6166666666666667	0.016666666666666666	0.0
05:40:00	363.8833333333333	4.78	11.08	4.926666666666667	4.613333333333333	6.776666666666666	3.46	0.48	0.0	0.0
05:45:00	365.49	2.953333333333333	9.253333333333334	6.973333333333334	5.21	4.183333333333334	4.91	1.0266666666666666	0.0	0.0
05:50:00	359.58666666666664	6.47	9.613333333333333	7.176666666666667	6.326666666666667	6.003333333333333	3.67	0.7166666666666667	0.43666666666666665	0.0
05:55:00	355.22	4.136666666666667	14.456666666666667	10.45	6.013333333333334	4.373333333333333	3.4833333333333334	1.26	0.12666666666666668	0.48
06:00:00	352.93	5.973333333333334	13.283333333333333	9.126666666666667	7.83	7.406666666666666	3.09	0.36	0.0	0.0
06:05:00	352.6166666666667	6.08	14.786666666666667	6.366666666666666	9.346666666666666	4.8133333333333335	4.636666666666667	1.3533333333333333	0.0	0.0
06:10:00	350.67333333333335	6.69	12.84	7.52	8.726666666666667	6.713333333333333	4.613333333333333	2.223333333333333	0.0	0.0
06:15:00	345.12	9.616666666666667	13.383333333333333	9.633333333333333	7.323333333333333	6.523333333333333	5.75	2.65	0.0	0.0
06:20:00	337.07666666666665	9.963333333333333	18.913333333333334	13.423333333333334	7.596666666666667	7.386666666666667	4.08	1.0166666666666666	0.5433333333333333	0.0
06:25:00	330.68666666666667	9.96	19.57	17.003333333333334	13.48	4.76	3.15	1.3733333333333333	0.016666666666666666	0.0
06:30:00	321.17	12.506666666666666	19.736666666666668	20.323333333333334	11.603333333333333	10.963333333333333	3.49	0.20666666666666667	0.0	0.0
06:35:00	307.77666666666664	12.963333333333333	28.696666666666665	15.84	19.7	9.183333333333334	5.04	0.8	0.0	0.0
06:40:00	295.76	13.816666666666666	25.826666666666668	29.053333333333335	17.916666666666668	11.7	4.983333333333333	0.9433333333333334	0.0	0.0
06:45:00	279.37333333333333	15.213333333333333	29.24	34.21	21.976666666666667	12.33	5.58	2.0766666666666667	0.0	0.0
06:50:00	264.86	13.486666666666666	37.373333333333335	33.27333333333333	22.12	21.043333333333333	7.46	0.38333333333333336	0.0	0.0
06:55:00	256.18666666666667	14.916666666666666	36.48	36.73	26.326666666666668	19.753333333333334	9.1	0.5066666666666667	0.0	0.0
07:00:00	246.95666666666668	11.913333333333334	37.64	43.54666666666667	30.023333333333333	17.613333333333333	10.0	2.3066666666666666	0.0	0.0
07:05:00	242.10333333333332	10.62	33.766666666666666	48.24666666666667	32.35333333333333	20.966666666666665	9.506666666666666	2.4366666666666665	0.0	0.0
07:10:00	238.51	9.623333333333333	37.0	48.43666666666667	37.27333333333333	17.006666666666668	8.93	3.22	0.0	0.0
07:15:00	233.44666666666666	10.846666666666666	46.67666666666667	47.166666666666664	35.583333333333336	15.82	6.976666666666667	2.2933333333333334	0.5933333333333334	0.5966666666666667
07:20:00	232.07666666666665	11.606666666666667	45.18	43.44	36.74	20.636666666666667	6.81	2.8666666666666667	0.6433333333333333	0.0
07:25:00	234.71333333333334	11.95	35.10666666666667	49.013333333333335	42.19	17.503333333333334	7.49	1.5266666666666666	0.5066666666666667	0.0
07:30:00	229.15666666666667	10.266666666666667	40.34	52.593333333333334	41.373333333333335	16.136666666666667	7.166666666666667	2.88	0.08666666666666667	0.0
07:35:00	227.87666666666667	7.71	42.336666666666666	52.99333333333333	38.303333333333335	20.5	8.456666666666667	1.8233333333333333	0.0	0.0
07:40:00	231.70666666666668	10.14	37.556666666666665	52.083333333333336	38.46333333333333	17.3	8.536666666666667	4.213333333333333	0.0	0.0
07:45:00	228.90333333333334	11.096666666666666	47.93	48.14666666666667	37.64333333333333	18.106666666666666	6.256666666666667	1.9166666666666667	0.0	0.0
07:50:00	232.97	11.513333333333334	44.64	49.14666666666667	35.986666666666665	18.41	5.286666666666667	1.4033333333333333	0.6433333333333333	0.0
07:55:00	236.66666666666666	10.953333333333333	45.306666666666665	44.7	33.82666666666667	20.62	5.793333333333333	1.5766666666666667	0.5566666666666666	0.0
08:00:00	241.30666666666667	7.1433333333333335	37.75	53.85666666666667	32.20333333333333	19.99	4.81	2.22	0.72	0.0
08:05:00	243.21666666666667	9.126666666666667	38.47666666666667	52.093333333333334	34.10333333333333	15.63	5.97	1.3833333333333333	0.0	0.0
08:10:00	249.11666666666667	9.453333333333333	44.53333333333333	40.22	31.653333333333332	17.886666666666667	5.596666666666667	1.54	0.0	0.0
08:15:00	254.14666666666668	8.01	40.02	44.61666666666667	28.55	14.79	8.086666666666666	1.6166666666666667	0.16333333333333333	0.0
08:20:00	255.26	7.466666666666667	40.37	40.49	33.833333333333336	14.163333333333334	7.056666666666667	1.36	0.0	0.0
08:25:00	264.23	7.8566666666666665	36.31	41.663333333333334	26.913333333333334	17.323333333333334	5.346666666666667	0.3566666666666667	0.0	0.0
08:30:00	275.82666666666665	8.376666666666667	31.53	29.606666666666666	30.463333333333335	16.93	5.946666666666666	0.7633333333333333	0.5566666666666666	0.0
08:35:00	284.15	5.25	30.436666666666667	33.943333333333335	22.816666666666666	13.79	8.07	1.5433333333333332	0.0	0.0
08:40:00	291.67333333333335	5.703333333333333	29.68	28.843333333333334	24.343333333333334	14.39	4.926666666666667	0.44	0.0	0.0
08:45:00	304.87	8.29	25.206666666666667	29.796666666666667	19.29	7.053333333333334	4.076666666666667	1.4166666666666667	0.0	0.0
08:50:00	318.67333333333335	7.243333333333333	24.953333333333333	26.283333333333335	11.1	8.54	2.5633333333333335	0.6433333333333333	0.0	0.0
08:55:00	325.7366666666667	8.793333333333333	22.703333333333333	21.403333333333332	11.54	8.55	1.2733333333333334	0.0	0.0	0.0
09:00:00	333.2866666666667	6.583333333333333	19.023333333333333	19.123333333333335	13.313333333333333	7.416666666666667	0.84	0.41333333333333333	0.0	0.0
09:05:00	336.84	5.386666666666667	22.573333333333334	12.6	13.123333333333333	7.78	1.6966666666666668	0.0	0.0	0.0
09:10:00	343.24666666666667	5.173333333333333	16.523333333333333	14.97	11.23	6.53	2.3266666666666667	0.0	0.0	0.0
09:15:00	343.94666666666666	4.4	17.503333333333334	16.48	12.37	4.253333333333333	0.7966666666666666	0.25	0.0	0.0
09:20:00	348.35	5.236666666666666	14.096666666666666	14.14	11.463333333333333	5.1433333333333335	1.1533333333333333	0.4166666666666667	0.0	0.0
09:25:00	352.36	4.506666666666667	14.083333333333334	9.633333333333333	8.78	5.916666666666667	4.556666666666667	0.16333333333333333	0.0	0.0
09:30:00	355.72333333333336	4.9366666666666665	14.696666666666667	8.413333333333334	7.39	4.963333333333333	3.6	0.27666666666666667	0.0	0.0
09:35:00	359.24	5.046666666666667	11.966666666666667	8.81	7.683333333333334	4.306666666666667	1.83	1.1166666666666667	0.0	0.0
09:40:00	357.85333333333335	6.9366666666666665	12.916666666666666	8.416666666666666	6.406666666666666	5.15	2.32	0.0	0.0	0.0
09:45:00	359.67333333333335	4.163333333333333	14.373333333333333	9.22	6.04	3.493333333333333	2.5366666666666666	0.5	0.0	0.0
09:50:00	363.58666666666664	4.706666666666667	8.333333333333334	7.92	8.446666666666667	5.55	1.2566666666666666	0.2	0.0	0.0
09:55:00	362.6533333333333	4.723333333333334	9.646666666666667	7.88	5.676666666666667	5.873333333333333	3.1533333333333333	0.3933333333333333	0.0	0.0
10:00:00	361.31666666666666	4.023333333333333	11.653333333333334	8.486666666666666	6.506666666666667	4.386666666666667	3.1566666666666667	0.47	0.0	0.0
10:05:00	358.22333333333336	5.33	13.026666666666667	8.476666666666667	5.596666666666667	5.303333333333334	3.8433333333333333	0.2	0.0	0.0
10:10:00	357.03	4.863333333333333	8.633333333333333	11.23	8.51	6.296666666666667	3.1433333333333335	0.29333333333333333	0.0	0.0
10:15:00	355.88666666666666	5.08	11.616666666666667	9.263333333333334	9.143333333333333	6.656666666666666	2.3533333333333335	0.0	0.0	0.0
10:20:00	358.58	6.283333333333333	9.506666666666666	10.52	8.69	5.816666666666666	0.6033333333333334	0.0	0.0	0.0
10:25:00	353.21	4.83	15.933333333333334	12.64	7.513333333333334	4.863333333333333	1.01	0.0	0.0	0.0
10:30:00	350.8066666666667	6.433333333333334	17.573333333333334	10.143333333333333	9.153333333333334	2.9633333333333334	2.5966666666666667	0.33	0.0	0.0
10:35:00	354.9433333333333	5.363333333333333	12.93	7.483333333333333	9.176666666666666	7.673333333333333	2.0033333333333334	0.4266666666666667	0.0	0.0
10:40:00	355.95666666666665	6.343333333333334	8.666666666666666	11.426666666666666	10.03	3.76	3.05	0.7666666666666667	0.0	0.0
10:45:00	353.9633333333333	5.73	14.426666666666666	10.893333333333333	8.926666666666666	4.06	1.7633333333333334	0.23666666666666666	0.0	0.0
10:50:00	357.04	5.446666666666666	9.256666666666666	14.263333333333334	6.866666666666666	3.57	2.3133333333333335	1.2433333333333334	0.0	0.0
10:55:00	352.86333333333334	4.746666666666667	15.406666666666666	10.976666666666667	7.923333333333333	5.066666666666666	2.6733333333333333	0.3433333333333333	0.0	0.0
11:00:00	350.0933333333333	4.2	16.083333333333332	13.96	10.696666666666667	3.6033333333333335	0.8233333333333334	0.54	0.0	0.0
11:05:00	351.16333333333336	5.71	14.59	13.733333333333333	8.513333333333334	4.746666666666667	1.3566666666666667	0.18666666666666668	0.0	0.0
11:10:00	348.3233333333333	5.446666666666666	17.576666666666668	12.54	12.2	3.6033333333333335	0.31	0.0	0.0	0.0
11:15:00	349.36333333333334	6.73	12.563333333333333	18.846666666666668	5.8566666666666665	4.633333333333334	1.9766666666666666	0.03	0.0	0.0
11:20:00	350.2366666666667	3.84	14.416666666666666	13.996666666666666	10.536666666666667	4.0	1.3366666666666667	1.6366666666666667	0.0	0.0
11:25:00	342.82666666666665	5.08	17.473333333333333	17.57	8.57	5.15	3.2	0.13	0.0	0.0
11:30:00	341.06333333333333	6.016666666666667	16.44333333333333	18.33	9.753333333333334	6.846666666666667	1.5466666666666666	0.0	0.0	0.0
11:35:00	344.62666666666667	5.846666666666667	15.633333333333333	15.383333333333333	12.446666666666667	3.4433333333333334	2.53	0.09	0.0	0.0
11:40:00	348.4266666666667	4.3533333333333335	14.336666666666666	16.096666666666668	10.313333333333333	4.82	0.4533333333333333	0.54	0.66	0.0
11:45:00	352.2	4.766666666666667	12.383333333333333	14.056666666666667	9.23	5.78	1.5833333333333333	0.0	0.0	0.0
11:50:00	354.14666666666665	5.6066666666666665	11.216666666666667	13.7	9.276666666666667	4.87	1.1833333333333333	0.0	0.0	0.0
11:55:00	354.9266666666667	4.546666666666667	16.606666666666666	10.223333333333333	8.473333333333333	4.1066666666666665	1.1166666666666667	0.0	0.0	0.0
12:00:00	357.07	4.316666666666666	15.01	10.786666666666667	8.256666666666666	4.043333333333333	0.5166666666666667	0.0	0.0	0.0
12:05:00	358.43	4.59	11.96	13.003333333333334	7.94	2.933333333333333	1.1433333333333333	0.0	0.0	0.0
12:10:00	357.3466666666667	7.066666666666666	11.783333333333333	10.446666666666667	7.403333333333333	4.39	1.5633333333333332	0.0	0.0	0.0
12:15:00	354.37	4.946666666666666	14.776666666666667	10.36	9.18	5.086666666666667	1.28	0.0	0.0	0.0
12:20:00	350.52	4.483333333333333	13.44	15.636666666666667	10.246666666666666	3.263333333333333	1.4066666666666667	1.0033333333333334	0.0	0.0
12:25:00	349.33	5.06	12.91	13.28	10.503333333333334	4.933333333333334	3.11	0.8733333333333333	0.0	0.0
12:30:00	349.71	4.49	12.46	13.39	11.226666666666667	6.903333333333333	1.82	0.0	0.0	0.0
12:35:00	350.13	4.086666666666667	14.826666666666666	14.72	9.663333333333334	5.083333333333333	1.49	0.0	0.0	0.0
12:40:00	360.1	3.486666666666667	12.72	8.203333333333333	9.176666666666666	4.403333333333333	1.33	0.58	0.0	0.0
12:45:00	365.3833333333333	3.0566666666666666	11.36	10.116666666666667	5.036666666666667	3.59	1.4566666666666668	0.0	0.0	0.0
12:50:00	370.8233333333333	3.16	10.596666666666666	5.9366666666666665	4.42	3.276666666666667	1.1766666666666667	0.61	0.0	0.0
12:55:00	372.65	3.433333333333333	10.666666666666666	5.99	3.9566666666666666	2.4266666666666667	0.8766666666666667	0.0	0.0	0.0
13:00:00	372.79333333333335	4.593333333333334	11.583333333333334	6.3533333333333335	2.4766666666666666	1.0266666666666666	0.6866666666666666	0.4866666666666667	0.0	0.0
13:05:00	376.66333333333336	3.453333333333333	7.876666666666667	2.4266666666666667	4.26	3.57	1.75	0.0	0.0	0.0
13:10:00	378.33666666666664	2.32	5.5	3.3633333333333333	2.816666666666667	3.3833333333333333	2.9033333333333333	1.3766666666666667	0.0	0.0
13:15:00	374.00666666666666	3.2	8.21	3.8633333333333333	3.3333333333333335	1.53	2.25	3.2	0.4066666666666667	0.0
13:20:00	375.26	2.9033333333333333	7.446666666666666	3.3566666666666665	3.6166666666666667	4.6066666666666665	2.6766666666666667	0.13333333333333333	0.0	0.0
13:25:00	375.62	4.73	8.346666666666666	4.28	2.69	2.066666666666667	2.1633333333333336	0.10333333333333333	0.0	0.0
13:30:00	376.7266666666667	3.5833333333333335	9.62	3.5966666666666667	3.1533333333333333	2.0766666666666667	0.48333333333333334	0.76	0.0	0.0
13:35:00	378.36	2.9833333333333334	5.846666666666667	4.683333333333334	3.79	3.18	1.1566666666666667	0.0	0.0	0.0
13:40:00	377.6066666666667	3.03	6.776666666666666	3.5566666666666666	3.3266666666666667	2.79	1.5833333333333333	1.33	0.0	0.0
13:45:00	376.2366666666667	3.2466666666666666	6.276666666666666	4.53	2.22	3.5033333333333334	3.24	0.7466666666666667	0.0	0.0
13:50:00	374.05333333333334	2.78	7.02	3.203333333333333	7.276666666666666	3.433333333333333	1.94	0.29333333333333333	0.0	0.0
13:55:00	372.5	2.3433333333333333	7.66	5.796666666666667	3.3266666666666667	3.8833333333333333	2.5933333333333333	1.8966666666666667	0.0	0.0
14:00:00	372.2966666666667	3.3433333333333333	7.22	4.0633333333333335	5.046666666666667	4.293333333333333	3.0366666666666666	0.7	0.0	0.0
14:05:00	369.3333333333333	4.1466666666666665	9.163333333333334	6.466666666666667	3.47	3.6566666666666667	2.1666666666666665	1.18	0.4166666666666667	0.0
14:10:00	367.63	4.68	11.143333333333333	5.246666666666667	4.113333333333333	3.3066666666666666	2.8233333333333333	1.0566666666666666	0.0	0.0
14:15:00	362.69666666666666	6.793333333333333	12.276666666666667	5.433333333333334	3.99	4.21	3.51	1.09	0.0	0.0
14:20:00	358.6166666666667	5.0	10.813333333333333	8.49	6.1	5.47	4.1433333333333335	1.3666666666666667	0.0	0.0
14:25:00	350.8933333333333	5.53	13.676666666666666	10.583333333333334	7.89	4.45	5.92	1.0566666666666666	0.0	0.0
14:30:00	342.73333333333335	6.196666666666666	19.57	11.533333333333333	7.886666666666667	7.123333333333333	3.2733333333333334	1.0833333333333333	0.6	0.0
14:35:00	336.89	8.003333333333334	20.246666666666666	14.8	9.32	6.096666666666667	3.8433333333333333	0.7566666666666667	0.043333333333333335	0.0
14:40:00	325.87666666666667	8.413333333333334	23.58	16.796666666666667	12.493333333333334	7.793333333333333	3.453333333333333	1.36	0.23333333333333334	0.0
14:45:00	320.37	10.143333333333333	23.766666666666666	14.153333333333334	13.226666666666667	10.516666666666667	6.173333333333333	0.65	0.6533333333333333	0.3466666666666667
14:50:00	308.28	11.146666666666667	32.903333333333336	16.033333333333335	12.44	13.203333333333333	3.87	1.9833333333333334	0.14	0.0
14:55:00	303.52	8.67	27.846666666666668	24.253333333333334	18.183333333333334	11.55	4.546666666666667	1.43	0.0	0.0
15:00:00	300.22333333333336	9.13	23.776666666666667	23.623333333333335	22.89	15.02	5.12	0.21666666666666667	0.0	0.0
15:05:00	289.38666666666666	10.746666666666666	28.1	23.92	21.653333333333332	17.88	7.223333333333334	1.09	0.0	0.0
15:10:00	278.70666666666665	9.063333333333333	32.64666666666667	30.926666666666666	25.95	15.896666666666667	5.3	1.51	0.0	0.0
15:15:00	277.00666666666666	8.893333333333333	29.666666666666668	34.43	27.19	14.53	6.463333333333333	1.5333333333333334	0.2866666666666667	0.0
15:20:00	269.52	7.46	34.653333333333336	38.31666666666667	24.363333333333333	16.683333333333334	8.176666666666666	0.8266666666666667	0.0	0.0
15:25:00	263.04333333333335	10.803333333333333	36.51	30.726666666666667	30.293333333333333	17.61	6.496666666666667	4.133333333333334	0.38333333333333336	0.0
15:30:00	258.35	11.81	34.723333333333336	35.95	26.23	19.546666666666667	10.863333333333333	2.526666666666667	0.0	0.0
15:35:00	252.86	11.126666666666667	34.5	37.89666666666667	36.96333333333333	18.64666666666667	6.473333333333334	1.5333333333333334	0.0	0.0
15:40:00	248.58	9.81	34.78	46.64333333333333	35.903333333333336	19.88	3.9233333333333333	0.48	0.0	0.0
15:45:00	248.99666666666667	6.9366666666666665	34.28333333333333	41.13666666666666	43.556666666666665	18.773333333333333	5.016666666666667	1.3	0.0	0.0
15:50:00	246.88666666666666	7.45	39.86333333333334	45.31666666666667	32.61	20.723333333333333	5.3	1.6466666666666667	0.0	0.20333333333333334
15:55:00	245.23333333333332	9.643333333333333	43.123333333333335	43.42666666666667	32.21	17.19	7.873333333333333	1.3	0.0	0.0
16:00:00	245.02	12.923333333333334	47.486666666666665	42.78	28.75	14.27	6.493333333333333	2.276666666666667	0.0	0.0
16:05:00	248.15666666666667	10.156666666666666	41.99333333333333	43.583333333333336	39.39333333333333	10.463333333333333	5.6866666666666665	0.5666666666666667	0.0	0.0
16:10:00	249.39666666666668	11.27	34.3	43.163333333333334	42.43	15.28	3.68	0.0	0.48	0.0
16:15:00	251.05	6.68	32.81333333333333	44.236666666666665	32.8	22.936666666666667	8.44	0.8566666666666667	0.18666666666666668	0.0
16:20:00	250.4	9.136666666666667	31.123333333333335	43.47	35.38666666666666	20.403333333333332	7.24	2.63	0.0	0.21
16:25:00	244.83666666666667	11.32	37.70333333333333	42.17333333333333	36.26	19.55	4.513333333333334	2.7733333333333334	0.7366666666666667	0.13333333333333333
16:30:00	247.06333333333333	10.656666666666666	45.54333333333334	43.36666666666667	31.316666666666666	12.476666666666667	6.713333333333333	2.7533333333333334	0.11	0.0
16:35:00	248.14333333333335	10.363333333333333	46.06333333333333	40.25666666666667	31.996666666666666	12.8	7.253333333333333	2.89	0.23333333333333334	0.0
16:40:00	257.46	8.87	33.846666666666664	38.03666666666667	33.95333333333333	14.783333333333333	9.273333333333333	3.1966666666666668	0.58	0.0
16:45:00	262.96	8.236666666666666	36.943333333333335	36.123333333333335	26.753333333333334	19.636666666666667	6.723333333333334	2.5533333333333332	0.07	0.0
16:50:00	264.72	7.933333333333334	43.123333333333335	33.346666666666664	25.876666666666665	18.11	5.203333333333333	1.6866666666666668	0.0	0.0
16:55:00	278.68	6.873333333333333	34.623333333333335	40.153333333333336	22.136666666666667	12.68	4.623333333333333	0.16	0.07	0.0
17:00:00	286.84	8.783333333333333	30.823333333333334	31.793333333333333	20.4	15.796666666666667	4.06	1.1733333333333333	0.33	0.0
17:05:00	293.41333333333336	8.76	35.42333333333333	27.113333333333333	21.373333333333335	7.24	5.54	1.1366666666666667	0.0	0.0
17:10:00	301.1066666666667	7.383333333333334	31.283333333333335	32.18666666666667	16.433333333333334	8.506666666666666	3.06	0.04	0.0	0.0
17:15:00	305.18	8.436666666666667	29.923333333333332	30.3	16.79	5.223333333333334	3.3266666666666667	0.82	0.0	0.0
17:20:00	317.26	7.416666666666667	29.46	20.216666666666665	10.366666666666667	8.92	4.553333333333334	1.8066666666666666	0.0	0.0
17:25:00	324.3433333333333	7.996666666666667	26.466666666666665	15.326666666666666	11.463333333333333	8.783333333333333	4.073333333333333	1.5466666666666666	0.0	0.0
17:30:00	334.8233333333333	5.543333333333333	26.383333333333333	13.1	8.303333333333333	7.676666666666667	3.683333333333333	0.4866666666666667	0.0	0.0
17:35:00	340.27	6.766666666666667	21.516666666666666	11.526666666666667	11.99	6.523333333333333	1.4066666666666667	0.0	0.0	0.0
17:40:00	341.62333333333333	4.253333333333333	15.753333333333334	19.72	11.346666666666666	6.76	0.5433333333333333	0.0	0.0	0.0
17:45:00	345.76666666666665	5.416666666666667	20.093333333333334	11.926666666666666	8.67	4.6866666666666665	2.9066666666666667	0.5333333333333333	0.0	0.0
17:50:00	355.45666666666665	5.493333333333333	14.083333333333334	9.143333333333333	8.093333333333334	4.226666666666667	2.8333333333333335	0.67	0.0	0.0
17:55:00	355.1533333333333	6.623333333333333	15.383333333333333	13.61	4.42	3.4166666666666665	0.9066666666666666	0.4866666666666667	0.0	0.0
18:00:00	354.5366666666667	6.056666666666667	19.71	9.55	7.053333333333334	2.4833333333333334	0.61	0.0	0.0	0.0
18:05:00	359.57	6.93	13.003333333333334	6.8566666666666665	7.98	4.326666666666667	1.3333333333333333	0.0	0.0	0.0
18:10:00	363.73	5.213333333333333	10.53	7.073333333333333	5.883333333333334	5.68	1.89	0.0	0.0	0.0
18:15:00	363.35	4.086666666666667	8.15	9.316666666666666	9.786666666666667	4.73	0.58	0.0	0.0	0.0
18:20:00	364.66	2.8833333333333333	7.483333333333333	11.226666666666667	9.136666666666667	2.98	1.13	0.5	0.0	0.0
18:25:00	361.05	5.473333333333334	12.52	10.103333333333333	4.586666666666667	3.8966666666666665	2.37	0.0	0.0	0.0
18:30:00	362.5366666666667	5.54	11.046666666666667	7.8533333333333335	8.043333333333333	4.023333333333333	0.09333333333333334	0.36333333333333334	0.5	0.0
18:35:00	364.4033333333333	4.48	10.066666666666666	10.926666666666666	5.653333333333333	3.033333333333333	0.43666666666666665	0.8133333333333334	0.18666666666666668	0.0
18:40:00	363.99333333333334	7.903333333333333	9.143333333333333	6.053333333333334	7.806666666666667	3.8866666666666667	0.8433333333333334	0.37	0.0	0.0
18:45:00	368.30333333333334	4.943333333333333	8.603333333333333	10.26	5.696666666666666	2.1933333333333334	0.0	0.0	0.0	0.0
18:50:00	368.04333333333335	5.126666666666667	10.37	8.49	5.463333333333333	2.506666666666667	0.0	0.0	0.0	0.0
18:55:00	368.0733333333333	4.3933333333333335	9.91	7.86	6.95	1.75	0.5866666666666667	0.4766666666666667	0.0	0.0
19:00:00	371.26	4.576666666666667	6.976666666666667	8.666666666666666	5.306666666666667	2.09	1.09	0.03333333333333333	0.0	0.0
19:05:00	371.43666666666667	3.6666666666666665	9.793333333333333	8.75	3.8666666666666667	1.9933333333333334	0.49333333333333335	0.0	0.0	0.0
19:10:00	373.9066666666667	5.01	8.173333333333334	5.726666666666667	3.7866666666666666	2.8566666666666665	0.54	0.0	0.0	0.0
19:15:00	374.8666666666667	4.503333333333333	6.45	5.69	5.363333333333333	2.7933333333333334	0.3333333333333333	0.0	0.0	0.0
19:20:00	374.95	2.91	5.663333333333333	5.99	7.016666666666667	3.1466666666666665	0.3233333333333333	0.0	0.0	0.0
19:25:00	376.37666666666667	4.06	6.176666666666667	4.48	3.8566666666666665	3.5633333333333335	1.4866666666666666	0.0	0.0	0.0
19:30:00	379.1433333333333	3.1333333333333333	6.126666666666667	5.59	1.8566666666666667	1.9333333333333333	2.216666666666667	0.0	0.0	0.0
19:35:00	381.54333333333335	3.1666666666666665	4.96	2.51	4.293333333333333	2.79	0.7366666666666667	0.0	0.0	0.0
19:40:00	382.1533333333333	3.796666666666667	3.7533333333333334	3.5833333333333335	3.1766666666666667	2.9	0.6366666666666667	0.0	0.0	0.0
19:45:00	382.28	2.6533333333333333	4.253333333333333	3.11	4.22	2.8066666666666666	0.6766666666666666	0.0	0.0	0.0
19:50:00	382.25333333333333	3.38	3.3966666666666665	4.823333333333333	3.97	1.86	0.31666666666666665	0.0	0.0	0.0
19:55:00	382.0833333333333	3.0966666666666667	3.5966666666666667	4.6	2.83	3.243333333333333	0.55	0.0	0.0	0.0
20:00:00	383.42	2.6866666666666665	4.926666666666667	2.933333333333333	3.5933333333333333	1.8133333333333332	0.42333333333333334	0.20333333333333334	0.0	0.0
20:05:00	384.70666666666665	1.3533333333333333	4.2	4.1466666666666665	4.033333333333333	0.56	0.04666666666666667	0.9533333333333334	0.0	0.0
20:10:00	387.41333333333336	2.04	3.5833333333333335	2.3	2.006666666666667	2.1333333333333333	0.5233333333333333	0.0	0.0	0.0
20:15:00	386.5833333333333	3.0833333333333335	3.263333333333333	2.49	2.58	1.2	0.5333333333333333	0.26666666666666666	0.0	0.0
20:20:00	386.49	3.216666666666667	3.5	3.41	1.6333333333333333	0.42	0.9233333333333333	0.4066666666666667	0.0	0.0
20:25:00	385.74333333333334	2.2866666666666666	3.96	3.3066666666666666	2.31	1.8466666666666667	0.5466666666666666	0.0	0.0	0.0
20:30:00	385.81	1.8833333333333333	3.8333333333333335	4.016666666666667	3.506666666666667	0.95	0.0	0.0	0.0	0.0
20:35:00	384.48	2.513333333333333	4.76	5.73	2.243333333333333	0.2733333333333333	0.0	0.0	0.0	0.0
20:40:00	384.71666666666664	2.8933333333333335	7.67	3.216666666666667	1.2733333333333334	0.23	0.0	0.0	0.0	0.0
20:45:00	387.2733333333333	2.703333333333333	4.823333333333333	2.98	0.7733333333333333	0.7633333333333333	0.6833333333333333	0.0	0.0	0.0
20:50:00	388.3066666666667	2.263333333333333	3.433333333333333	1.9266666666666667	1.89	2.09	0.09	0.0	0.0	0.0
20:55:00	388.61333333333334	1.22	3.3766666666666665	3.5033333333333334	1.8366666666666667	1.13	0.32	0.0	0.0	0.0
21:00:00	387.5966666666667	2.68	2.63	2.683333333333333	2.8666666666666667	1.18	0.36333333333333334	0.0	0.0	0.0
21:05:00	388.77666666666664	0.2	3.33	2.6766666666666667	2.9366666666666665	2.08	0.0	0.0	0.0	0.0
21:10:00	389.76	0.24	3.24	4.096666666666667	1.6966666666666668	0.9666666666666667	0.0	0.0	0.0	0.0
21:15:00	391.79333333333335	1.7133333333333334	2.5	2.4366666666666665	0.7933333333333333	0.7633333333333333	0.0	0.0	0.0	0.0
21:20:00	392.6766666666667	1.2566666666666666	3.736666666666667	0.9666666666666667	0.5133333333333333	0.85	0.0	0.0	0.0	0.0
21:25:00	393.80333333333334	1.2366666666666666	1.7066666666666668	1.5866666666666667	1.6633333333333333	0.0033333333333333335	0.0	0.0	0.0	0.0
21:30:00	392.2266666666667	2.6733333333333333	2.43	1.59	0.24333333333333335	0.44333333333333336	0.3933333333333333	0.0	0.0	0.0
21:35:00	393.59	0.59	2.216666666666667	1.37	0.9633333333333334	0.8533333333333334	0.4166666666666667	0.0	0.0	0.0
21:40:00	395.45	0.55	0.0	1.3333333333333333	1.38	0.6333333333333333	0.6533333333333333	0.0	0.0	0.0
21:45:00	394.8933333333333	0.89	1.1666666666666667	0.25333333333333335	1.67	1.1266666666666667	0.0	0.0	0.0	0.0
21:50:00	393.84	1.83	1.9566666666666668	1.3	1.0733333333333333	0.0	0.0	0.0	0.0	0.0
21:55:00	395.7033333333333	1.23	1.8233333333333333	1.2433333333333334	0.0	0.0	0.0	0.0	0.0	0.0
22:00:00	396.1333333333333	1.0933333333333333	1.9733333333333334	0.8	0.0	0.0	0.0	0.0	0.0	0.0
22:05:00	397.33	0.67	1.3466666666666667	0.39666666666666667	0.25666666666666665	0.0	0.0	0.0	0.0	0.0
22:10:00	397.0	0.5566666666666666	0.5266666666666666	0.9166666666666666	0.4266666666666667	0.5733333333333334	0.0	0.0	0.0	0.0
22:15:00	397.0	0.0	0.8933333333333333	1.47	0.55	0.08666666666666667	0.0	0.0	0.0	0.0
22:20:00	397.0	0.0	1.2333333333333334	1.0866666666666667	0.68	0.0	0.0	0.0	0.0	0.0
22:25:00	396.57	1.19	1.2266666666666666	0.86	0.15333333333333332	0.0	0.0	0.0	0.0	0.0
22:30:00	398.0	0.0	1.47	0.53	0.0	0.0	0.0	0.0	0.0	0.0
22:35:00	398.5366666666667	0.2	0.8366666666666667	0.4266666666666667	0.0	0.0	0.0	0.0	0.0	0.0
22:40:00	399.0	0.0	1.0	0.0	0.0	0.0	0.0	0.0	0.0	0.0
22:45:00	399.60333333333335	0.2	0.19666666666666666	0.0	0.0	0.0	0.0	0.0	0.0	0.0
22:50:00	400.0	0.0	0.0	0.0	0.0	0.0	0.0	0.0	0.0	0.0
22:55:00	400.0	0.0	0.0	0.0	0.0	0.0	0.0	0.0	0.0	0.0
23:00:00	400.0	0.0	0.0	0.0	0.0	0.0	0.0	0.0	0.0	0.0
23:05:00	400.0	0.0	0.0	0.0	0.0	0.0	0.0	0.0	0.0	0.0
23:10:00	400.0	0.0	0.0	0.0	0.0	0.0	0.0	0.0	0.0	0.0
23:15:00	400.0	0.0	0.0	0.0	0.0	0.0	0.0	0.0	0.0	0.0
23:20:00	400.0	0.0	0.0	0.0	0.0	0.0	0.0	0.0	0.0	0.0
23:25:00	400.0	0.0	0.0	0.0	0.0	0.0	0.0	0.0	0.0	0.0
23:30:00	400.0	0.0	0.0	0.0	0.0	0.0	0.0	0.0	0.0	0.0
23:35:00	400.0	0.0	0.0	0.0	0.0	0.0	0.0	0.0	0.0	0.0
23:40:00	400.0	0.0	0.0	0.0	0.0	0.0	0.0	0.0	0.0	0.0
23:45:00	400.0	0.0	0.0	0.0	0.0	0.0	0.0	0.0	0.0	0.0
23:50:00	400.0	0.0	0.0	0.0	0.0	0.0	0.0	0.0	0.0	0.0
23:55:00	400.0	0.0	0.0	0.0	0.0	0.0	0.0	0.0	0.0	0.0
24:00:00	0.0	0.0	0.0	0.0	0.0	0.0	0.0	0.0	0.0	0.0
