time	STAY	0 pax	1 pax	2 pax	3 pax	4 pax	5 pax	6 pax	7 pax	8 pax
00:00:00	348.8333333333333	0.0	0.0	0.0	0.0	0.0	0.0	0.0	0.0	0.0
00:05:00	350.0	0.0	0.0	0.0	0.0	0.0	0.0	0.0	0.0	0.0
00:10:00	350.0	0.0	0.0	0.0	0.0	0.0	0.0	0.0	0.0	0.0
00:15:00	350.0	0.0	0.0	0.0	0.0	0.0	0.0	0.0	0.0	0.0
00:20:00	350.0	0.0	0.0	0.0	0.0	0.0	0.0	0.0	0.0	0.0
00:25:00	350.0	0.0	0.0	0.0	0.0	0.0	0.0	0.0	0.0	0.0
00:30:00	350.0	0.0	0.0	0.0	0.0	0.0	0.0	0.0	0.0	0.0
00:35:00	350.0	0.0	0.0	0.0	0.0	0.0	0.0	0.0	0.0	0.0
00:40:00	350.0	0.0	0.0	0.0	0.0	0.0	0.0	0.0	0.0	0.0
00:45:00	350.0	0.0	0.0	0.0	0.0	0.0	0.0	0.0	0.0	0.0
00:50:00	350.0	0.0	0.0	0.0	0.0	0.0	0.0	0.0	0.0	0.0
00:55:00	350.0	0.0	0.0	0.0	0.0	0.0	0.0	0.0	0.0	0.0
01:00:00	350.0	0.0	0.0	0.0	0.0	0.0	0.0	0.0	0.0	0.0
01:05:00	350.0	0.0	0.0	0.0	0.0	0.0	0.0	0.0	0.0	0.0
01:10:00	350.0	0.0	0.0	0.0	0.0	0.0	0.0	0.0	0.0	0.0
01:15:00	350.0	0.0	0.0	0.0	0.0	0.0	0.0	0.0	0.0	0.0
01:20:00	350.0	0.0	0.0	0.0	0.0	0.0	0.0	0.0	0.0	0.0
01:25:00	350.0	0.0	0.0	0.0	0.0	0.0	0.0	0.0	0.0	0.0
01:30:00	350.0	0.0	0.0	0.0	0.0	0.0	0.0	0.0	0.0	0.0
01:35:00	350.0	0.0	0.0	0.0	0.0	0.0	0.0	0.0	0.0	0.0
01:40:00	350.0	0.0	0.0	0.0	0.0	0.0	0.0	0.0	0.0	0.0
01:45:00	350.0	0.0	0.0	0.0	0.0	0.0	0.0	0.0	0.0	0.0
01:50:00	350.0	0.0	0.0	0.0	0.0	0.0	0.0	0.0	0.0	0.0
01:55:00	350.0	0.0	0.0	0.0	0.0	0.0	0.0	0.0	0.0	0.0
02:00:00	350.0	0.0	0.0	0.0	0.0	0.0	0.0	0.0	0.0	0.0
02:05:00	350.0	0.0	0.0	0.0	0.0	0.0	0.0	0.0	0.0	0.0
02:10:00	350.0	0.0	0.0	0.0	0.0	0.0	0.0	0.0	0.0	0.0
02:15:00	350.0	0.0	0.0	0.0	0.0	0.0	0.0	0.0	0.0	0.0
02:20:00	350.0	0.0	0.0	0.0	0.0	0.0	0.0	0.0	0.0	0.0
02:25:00	350.0	0.0	0.0	0.0	0.0	0.0	0.0	0.0	0.0	0.0
02:30:00	350.0	0.0	0.0	0.0	0.0	0.0	0.0	0.0	0.0	0.0
02:35:00	350.0	0.0	0.0	0.0	0.0	0.0	0.0	0.0	0.0	0.0
02:40:00	350.0	0.0	0.0	0.0	0.0	0.0	0.0	0.0	0.0	0.0
02:45:00	350.0	0.0	0.0	0.0	0.0	0.0	0.0	0.0	0.0	0.0
02:50:00	350.0	0.0	0.0	0.0	0.0	0.0	0.0	0.0	0.0	0.0
02:55:00	350.0	0.0	0.0	0.0	0.0	0.0	0.0	0.0	0.0	0.0
03:00:00	350.0	0.0	0.0	0.0	0.0	0.0	0.0	0.0	0.0	0.0
03:05:00	350.0	0.0	0.0	0.0	0.0	0.0	0.0	0.0	0.0	0.0
03:10:00	350.0	0.0	0.0	0.0	0.0	0.0	0.0	0.0	0.0	0.0
03:15:00	350.0	0.0	0.0	0.0	0.0	0.0	0.0	0.0	0.0	0.0
03:20:00	350.0	0.0	0.0	0.0	0.0	0.0	0.0	0.0	0.0	0.0
03:25:00	350.0	0.0	0.0	0.0	0.0	0.0	0.0	0.0	0.0	0.0
03:30:00	350.0	0.0	0.0	0.0	0.0	0.0	0.0	0.0	0.0	0.0
03:35:00	350.0	0.0	0.0	0.0	0.0	0.0	0.0	0.0	0.0	0.0
03:40:00	350.0	0.0	0.0	0.0	0.0	0.0	0.0	0.0	0.0	0.0
03:45:00	350.0	0.0	0.0	0.0	0.0	0.0	0.0	0.0	0.0	0.0
03:50:00	350.0	0.0	0.0	0.0	0.0	0.0	0.0	0.0	0.0	0.0
03:55:00	350.0	0.0	0.0	0.0	0.0	0.0	0.0	0.0	0.0	0.0
04:00:00	350.0	0.0	0.0	0.0	0.0	0.0	0.0	0.0	0.0	0.0
04:05:00	350.0	0.0	0.0	0.0	0.0	0.0	0.0	0.0	0.0	0.0
04:10:00	350.0	0.0	0.0	0.0	0.0	0.0	0.0	0.0	0.0	0.0
04:15:00	350.0	0.0	0.0	0.0	0.0	0.0	0.0	0.0	0.0	0.0
04:20:00	350.0	0.0	0.0	0.0	0.0	0.0	0.0	0.0	0.0	0.0
04:25:00	350.0	0.0	0.0	0.0	0.0	0.0	0.0	0.0	0.0	0.0
04:30:00	350.0	0.0	0.0	0.0	0.0	0.0	0.0	0.0	0.0	0.0
04:35:00	350.0	0.0	0.0	0.0	0.0	0.0	0.0	0.0	0.0	0.0
04:40:00	350.0	0.0	0.0	0.0	0.0	0.0	0.0	0.0	0.0	0.0
04:45:00	350.0	0.0	0.0	0.0	0.0	0.0	0.0	0.0	0.0	0.0
04:50:00	350.0	0.0	0.0	0.0	0.0	0.0	0.0	0.0	0.0	0.0
04:55:00	350.0	0.0	0.0	0.0	0.0	0.0	0.0	0.0	0.0	0.0
05:00:00	347.70666666666665	1.56	0.7333333333333333	0.0	0.0	0.0	0.0	0.0	0.0	0.0
05:05:00	343.44666666666666	1.3133333333333332	4.176666666666667	0.9066666666666666	0.15666666666666668	0.0	0.0	0.0	0.0	0.0
05:10:00	338.1766666666667	2.5433333333333334	4.496666666666667	2.6533333333333333	1.3533333333333333	0.7766666666666666	0.0	0.0	0.0	0.0
05:15:00	329.05	3.44	7.14	4.913333333333333	1.8266666666666667	2.0933333333333333	1.5366666666666666	0.0	0.0	0.0
05:20:00	323.0566666666667	4.89	6.54	3.48	4.53	3.78	2.6266666666666665	0.73	0.36666666666666664	0.0
05:25:00	319.6666666666667	3.3666666666666667	8.17	3.6366666666666667	3.3766666666666665	5.37	4.4366666666666665	1.6933333333333334	0.2833333333333333	0.0
05:30:00	315.19	3.8333333333333335	8.866666666666667	4.986666666666666	4.84	6.793333333333333	3.21	1.79	0.49	0.0
05:35:00	313.57	3.17	9.323333333333334	6.05	7.8566666666666665	6.1466666666666665	2.5833333333333335	1.3	0.0	0.0
05:40:00	313.69666666666666	4.533333333333333	9.136666666666667	6.74	5.573333333333333	5.683333333333334	2.8666666666666667	0.9766666666666667	0.4666666666666667	0.32666666666666666
05:45:00	310.99666666666667	4.266666666666667	10.533333333333333	8.823333333333334	5.726666666666667	4.256666666666667	3.99	0.8166666666666667	0.3233333333333333	0.26666666666666666
05:50:00	306.7366666666667	6.463333333333333	12.506666666666666	7.226666666666667	6.97	4.616666666666666	3.6566666666666667	1.0166666666666666	0.74	0.06666666666666667
05:55:00	309.93333333333334	4.566666666666666	9.03	9.833333333333334	6.036666666666667	4.81	3.6133333333333333	0.9333333333333333	1.0066666666666666	0.23666666666666666
06:00:00	306.92333333333335	5.593333333333334	11.426666666666666	7.846666666666667	7.746666666666667	6.17	2.6733333333333333	1.1733333333333333	0.44666666666666666	0.0
06:05:00	303.06666666666666	5.096666666666667	12.076666666666666	10.05	8.383333333333333	7.1466666666666665	2.99	1.1233333333333333	0.06666666666666667	0.0
06:10:00	299.6566666666667	8.263333333333334	11.596666666666666	6.996666666666667	7.593333333333334	8.816666666666666	6.403333333333333	0.6733333333333333	0.0	0.0
06:15:00	293.8066666666667	7.92	15.253333333333334	11.443333333333333	8.363333333333333	4.78	6.623333333333333	1.81	0.0	0.0
06:20:00	285.73	10.023333333333333	19.226666666666667	15.513333333333334	5.743333333333333	7.246666666666667	4.526666666666666	1.99	0.0	0.0
06:25:00	276.48333333333335	12.37	19.99	19.096666666666668	12.86	5.236666666666666	3.56	0.4033333333333333	0.0	0.0
06:30:00	262.14	15.236666666666666	26.7	19.57	14.896666666666667	8.066666666666666	2.68	0.71	0.0	0.0
06:35:00	256.93	11.433333333333334	24.526666666666667	24.993333333333332	15.673333333333334	7.986666666666666	7.66	0.53	0.26666666666666666	0.0
06:40:00	243.2	13.366666666666667	26.463333333333335	31.1	13.693333333333333	14.336666666666666	6.403333333333333	1.1733333333333333	0.2633333333333333	0.0
06:45:00	227.94666666666666	14.47	31.71	26.993333333333332	25.723333333333333	17.293333333333333	4.27	1.5933333333333333	0.0	0.0
06:50:00	216.77333333333334	13.63	35.73	36.06666666666667	26.453333333333333	12.756666666666666	6.11	1.5733333333333333	0.68	0.22666666666666666
06:55:00	207.92333333333335	12.533333333333333	31.716666666666665	38.596666666666664	35.22	15.636666666666667	6.336666666666667	2.0366666666666666	0.0	0.0
07:00:00	199.49333333333334	12.043333333333333	31.333333333333332	38.013333333333335	35.74	25.036666666666665	6.33	1.58	0.43	0.0
07:05:00	190.47666666666666	14.316666666666666	35.66	44.79	28.966666666666665	22.21	11.03	1.71	0.43333333333333335	0.4066666666666667
07:10:00	187.09666666666666	11.743333333333334	38.28333333333333	50.42	38.52333333333333	16.043333333333333	5.98	0.29333333333333333	0.8133333333333334	0.8033333333333333
07:15:00	185.93666666666667	8.483333333333333	45.31666666666667	57.693333333333335	29.12	16.77	4.903333333333333	1.47	0.30666666666666664	0.0
07:20:00	183.11	10.36	50.8	43.35666666666667	30.42	21.64666666666667	6.816666666666666	2.49	1.0	0.0
07:25:00	186.78	11.486666666666666	42.83	43.903333333333336	34.29666666666667	20.22	5.72	3.3033333333333332	1.46	0.0
07:30:00	184.83666666666667	11.193333333333333	44.22	45.86	33.88666666666666	17.18	9.656666666666666	2.81	0.3566666666666667	0.0
07:35:00	181.78	8.41	48.60666666666667	45.656666666666666	37.593333333333334	19.013333333333332	6.266666666666667	2.6733333333333333	0.0	0.0
07:40:00	183.92333333333335	9.22	41.75666666666667	49.5	37.42	18.71	6.706666666666667	2.763333333333333	0.0	0.0
07:45:00	183.22	13.463333333333333	47.53	43.91	35.82333333333333	17.39666666666667	5.51	2.1333333333333333	1.0133333333333334	0.0
07:50:00	185.91333333333333	10.746666666666666	45.083333333333336	50.94	31.68	18.48	5.013333333333334	1.3366666666666667	0.8066666666666666	0.0
07:55:00	192.21666666666667	11.623333333333333	37.233333333333334	46.28	35.29333333333334	18.69	4.863333333333333	2.6	1.2	0.0
08:00:00	198.19	8.876666666666667	31.89	43.74666666666667	38.75	13.536666666666667	12.143333333333333	2.3266666666666667	0.54	0.0
08:05:00	199.76333333333332	10.58	37.05	43.74	31.346666666666668	15.756666666666666	8.25	2.5833333333333335	0.93	0.0
08:10:00	205.25666666666666	9.13	37.85	41.11666666666667	31.97	15.77	6.946666666666666	1.3733333333333333	0.5866666666666667	0.0
08:15:00	208.41	9.41	36.77	39.49666666666667	31.83	14.153333333333334	6.903333333333333	2.9	0.12666666666666668	0.0
08:20:00	205.46666666666667	8.716666666666667	44.623333333333335	38.72666666666667	28.273333333333333	15.716666666666667	7.01	1.05	0.4166666666666667	0.0
08:25:00	217.49333333333334	7.996666666666667	33.486666666666665	38.446666666666665	31.916666666666668	14.506666666666666	4.99	0.7733333333333333	0.39	0.0
08:30:00	228.32666666666665	5.276666666666666	31.136666666666667	40.376666666666665	25.326666666666668	12.306666666666667	6.34	0.7866666666666666	0.12333333333333334	0.0
08:35:00	233.68666666666667	4.293333333333333	32.126666666666665	34.913333333333334	25.363333333333333	11.703333333333333	7.1433333333333335	0.77	0.0	0.0
08:40:00	236.03	8.883333333333333	34.35666666666667	29.30666666666667	25.633333333333333	10.466666666666667	4.673333333333333	0.65	0.0	0.0
08:45:00	248.06	6.976666666666667	36.4	27.546666666666667	20.48	8.58	1.18	0.0	0.26	0.5166666666666667
08:50:00	259.99	9.243333333333334	26.01	25.0	18.696666666666665	7.056666666666667	2.56	0.8366666666666667	0.6066666666666667	0.0
08:55:00	270.82	7.45	29.723333333333333	19.98	12.726666666666667	7.75	0.8033333333333333	0.08666666666666667	0.66	0.0
09:00:00	280.39	7.366666666666666	25.343333333333334	15.133333333333333	11.033333333333333	7.54	3.1933333333333334	0.0	0.0	0.0
09:05:00	287.9066666666667	6.033333333333333	17.27	16.14666666666667	15.356666666666667	5.443333333333333	1.8433333333333333	0.0	0.0	0.0
09:10:00	292.0833333333333	5.36	18.64666666666667	15.223333333333333	11.473333333333333	6.1466666666666665	1.0666666666666667	0.0	0.0	0.0
09:15:00	296.75333333333333	5.483333333333333	20.89	11.653333333333334	8.573333333333334	3.8	2.3633333333333333	0.48333333333333334	0.0	0.0
09:20:00	300.5233333333333	5.14	20.29	11.353333333333333	5.406666666666666	4.176666666666667	2.7266666666666666	0.38333333333333336	0.0	0.0
09:25:00	304.0466666666667	5.616666666666666	14.936666666666667	9.676666666666666	7.576666666666667	4.113333333333333	3.4466666666666668	0.5866666666666667	0.0	0.0
09:30:00	310.0833333333333	4.163333333333333	9.286666666666667	9.436666666666667	9.74	4.05	2.933333333333333	0.30666666666666664	0.0	0.0
09:35:00	308.9533333333333	5.09	11.646666666666667	10.606666666666667	4.38	5.72	3.1	0.5033333333333333	0.0	0.0
09:40:00	305.0733333333333	6.42	13.106666666666667	12.063333333333333	9.526666666666667	2.9766666666666666	0.49666666666666665	0.33666666666666667	0.0	0.0
09:45:00	307.71666666666664	5.413333333333333	16.453333333333333	10.313333333333333	6.116666666666666	2.64	0.8133333333333334	0.5333333333333333	0.0	0.0
09:50:00	308.5566666666667	7.23	12.203333333333333	12.106666666666667	5.68	3.46	0.7633333333333333	0.0	0.0	0.0
09:55:00	307.62333333333333	8.133333333333333	12.626666666666667	8.5	6.503333333333333	4.933333333333334	1.68	0.0	0.0	0.0
10:00:00	307.3233333333333	3.966666666666667	11.85	11.656666666666666	9.516666666666667	3.7866666666666666	1.8733333333333333	0.02666666666666667	0.0	0.0
10:05:00	304.37666666666667	5.98	14.726666666666667	9.653333333333334	8.46	4.366666666666666	1.52	0.9166666666666666	0.0	0.0
10:10:00	307.8066666666667	5.31	10.84	7.786666666666667	7.9	6.016666666666667	3.11	1.23	0.0	0.0
10:15:00	310.98333333333335	3.5766666666666667	8.22	9.21	8.386666666666667	6.43	2.1866666666666665	0.37333333333333335	0.6333333333333333	0.0
10:20:00	309.4866666666667	6.083333333333333	10.736666666666666	6.8	7.77	4.386666666666667	1.9233333333333333	2.1133333333333333	0.7	0.0
10:25:00	306.7733333333333	4.203333333333333	15.04	8.443333333333333	8.56	4.426666666666667	1.9	0.47333333333333333	0.18	0.0
10:30:00	304.29333333333335	4.683333333333334	11.21	13.236666666666666	10.32	4.3	1.0433333333333332	0.9133333333333333	0.0	0.0
10:35:00	305.17	5.286666666666667	13.46	10.266666666666667	8.29	4.493333333333333	2.4066666666666667	0.6266666666666667	0.0	0.0
10:40:00	306.93333333333334	4.66	8.696666666666667	12.7	10.263333333333334	5.486666666666666	0.26	0.19666666666666666	0.8033333333333333	0.0
10:45:00	303.32666666666665	4.7	14.37	14.113333333333333	6.406666666666666	5.58	0.98	0.5233333333333333	0.0	0.0
10:50:00	305.07666666666665	5.11	11.29	12.716666666666667	10.176666666666666	4.59	1.04	0.0	0.0	0.0
10:55:00	304.58666666666664	3.953333333333333	12.233333333333333	13.146666666666667	10.056666666666667	5.516666666666667	0.5066666666666667	0.0	0.0	0.0
11:00:00	300.18	4.933333333333334	15.493333333333334	17.123333333333335	8.36	2.26	1.2433333333333334	0.4066666666666667	0.0	0.0
11:05:00	302.70666666666665	6.1033333333333335	13.996666666666666	16.11	6.073333333333333	3.9966666666666666	0.9066666666666666	0.10666666666666667	0.0	0.0
11:10:00	299.8466666666667	6.533333333333333	17.65	11.26	8.216666666666667	3.953333333333333	2.16	0.38	0.0	0.0
11:15:00	297.1533333333333	5.91	15.65	14.696666666666667	8.793333333333333	6.003333333333333	1.7933333333333332	0.0	0.0	0.0
11:20:00	297.4533333333333	4.986666666666666	15.176666666666666	13.84	11.15	5.04	1.8933333333333333	0.46	0.0	0.0
11:25:00	297.49333333333334	5.176666666666667	10.853333333333333	14.5	12.446666666666667	6.0	3.53	0.0	0.0	0.0
11:30:00	296.0233333333333	5.033333333333333	13.563333333333333	14.986666666666666	10.953333333333333	6.773333333333333	1.56	1.1066666666666667	0.0	0.0
11:35:00	297.87333333333333	3.066666666666667	14.536666666666667	16.36	10.09	4.483333333333333	3.08	0.51	0.0	0.0
11:40:00	299.6566666666667	4.033333333333333	13.833333333333334	12.606666666666667	10.503333333333334	6.88	2.486666666666667	0.0	0.0	0.0
11:45:00	301.81333333333333	4.78	13.68	13.803333333333333	6.683333333333334	6.666666666666667	2.5733333333333333	0.0	0.0	0.0
11:50:00	302.49333333333334	5.38	13.81	12.806666666666667	8.063333333333333	3.9366666666666665	3.08	0.43	0.0	0.0
11:55:00	306.15	4.626666666666667	14.343333333333334	10.443333333333333	6.956666666666667	3.6066666666666665	3.55	0.3233333333333333	0.0	0.0
12:00:00	307.98333333333335	3.69	13.666666666666666	10.083333333333334	6.946666666666666	5.796666666666667	1.1766666666666667	0.6566666666666666	0.0	0.0
12:05:00	311.3666666666667	4.433333333333334	9.373333333333333	11.463333333333333	5.77	5.28	2.1766666666666667	0.13666666666666666	0.0	0.0
12:10:00	305.8333333333333	7.09	14.95	7.953333333333333	6.8533333333333335	5.1866666666666665	1.76	0.37333333333333335	0.0	0.0
12:15:00	302.9166666666667	5.46	15.263333333333334	12.056666666666667	7.8533333333333335	4.703333333333333	1.7466666666666666	0.0	0.0	0.0
12:20:00	301.7033333333333	3.8333333333333335	15.0	16.39666666666667	8.253333333333334	2.4433333333333334	1.2433333333333334	1.1266666666666667	0.0	0.0
12:25:00	298.39	4.89	16.113333333333333	15.97	7.866666666666666	4.31	1.6933333333333334	0.7666666666666667	0.0	0.0
12:30:00	299.6066666666667	4.156666666666666	15.006666666666666	13.846666666666666	11.666666666666666	4.386666666666667	1.33	0.0	0.0	0.0
12:35:00	304.16333333333336	4.9	11.76	12.323333333333334	10.686666666666667	5.323333333333333	0.8433333333333334	0.0	0.0	0.0
12:40:00	309.66333333333336	3.1966666666666668	11.45	13.736666666666666	7.96	2.96	1.0333333333333334	0.0	0.0	0.0
12:45:00	314.88	3.0966666666666667	7.653333333333333	12.31	9.463333333333333	2.32	0.27666666666666667	0.0	0.0	0.0
12:50:00	317.4766666666667	3.183333333333333	13.72	8.206666666666667	5.016666666666667	0.39666666666666667	1.1466666666666667	0.8533333333333334	0.0	0.0
12:55:00	323.01666666666665	4.333333333333333	13.773333333333333	4.52	1.3866666666666667	1.1933333333333334	1.3	0.4766666666666667	0.0	0.0
13:00:00	323.83	4.06	10.953333333333333	5.916666666666667	3.296666666666667	1.7333333333333334	0.21	0.0	0.0	0.0
13:05:00	325.3066666666667	2.63	8.713333333333333	4.343333333333334	4.0	2.683333333333333	2.28	0.043333333333333335	0.0	0.0
13:10:00	326.12	4.003333333333333	6.05	2.1266666666666665	4.1866666666666665	3.4433333333333334	2.44	1.63	0.0	0.0
13:15:00	325.26	3.4433333333333334	6.986666666666666	4.06	2.71	2.44	2.4	1.7633333333333334	0.9366666666666666	0.0
13:20:00	327.9533333333333	2.8666666666666667	6.23	2.0933333333333333	3.6933333333333334	3.5366666666666666	2.6266666666666665	1.0	0.0	0.0
13:25:00	327.20666666666665	3.3533333333333335	6.433333333333334	4.553333333333334	3.2333333333333334	2.8533333333333335	1.6933333333333334	0.6733333333333333	0.0	0.0
13:30:00	326.62666666666667	3.65	9.046666666666667	3.6433333333333335	2.6566666666666667	1.2466666666666666	2.3233333333333333	0.8066666666666666	0.0	0.0
13:35:00	326.7033333333333	3.3266666666666667	6.62	5.473333333333334	3.03	2.986666666666667	1.3266666666666667	0.5333333333333333	0.0	0.0
13:40:00	327.29	3.216666666666667	6.113333333333333	3.566666666666667	2.4	4.283333333333333	2.6966666666666668	0.43333333333333335	0.0	0.0
13:45:00	326.5966666666667	2.92	6.72	4.183333333333334	2.0766666666666667	2.1933333333333334	3.1566666666666667	1.4033333333333333	0.75	0.0
13:50:00	324.55333333333334	2.973333333333333	7.336666666666667	3.14	4.77	3.316666666666667	2.7333333333333334	1.0666666666666667	0.11	0.0
13:55:00	321.42	2.98	9.356666666666667	4.05	4.8533333333333335	3.4266666666666667	3.026666666666667	0.8866666666666667	0.0	0.0
14:00:00	323.26	2.3066666666666666	6.846666666666667	6.68	3.44	3.59	2.33	1.5466666666666666	0.0	0.0
14:05:00	320.15	4.736666666666666	8.613333333333333	5.07	4.706666666666667	4.04	2.026666666666667	0.55	0.10666666666666667	0.0
14:10:00	315.08666666666664	4.986666666666666	11.87	7.8966666666666665	3.736666666666667	3.88	2.183333333333333	0.0	0.36	0.0
14:15:00	312.81	5.92	10.01	7.683333333333334	6.373333333333333	4.986666666666666	2.216666666666667	0.0	0.0	0.0
14:20:00	307.53333333333336	4.803333333333334	11.666666666666666	7.3566666666666665	7.733333333333333	6.733333333333333	3.84	0.3333333333333333	0.0	0.0
14:25:00	300.31	6.086666666666667	13.253333333333334	10.78	7.446666666666666	6.296666666666667	4.576666666666667	1.0	0.25	0.0
14:30:00	291.44	6.233333333333333	20.346666666666668	10.16	8.313333333333333	9.04	3.3533333333333335	1.0666666666666667	0.04666666666666667	0.0
14:35:00	287.71	7.96	17.82	13.56	8.833333333333334	8.626666666666667	4.346666666666667	1.1433333333333333	0.0	0.0
14:40:00	275.43	8.846666666666666	24.993333333333332	14.776666666666667	12.02	8.233333333333333	4.446666666666666	1.02	0.23333333333333334	0.0
14:45:00	272.77	9.173333333333334	19.85	18.85	17.746666666666666	8.286666666666667	2.066666666666667	0.25666666666666665	0.6533333333333333	0.3466666666666667
14:50:00	263.98333333333335	10.513333333333334	30.22	16.24	16.593333333333334	7.99	2.216666666666667	2.1033333333333335	0.14	0.0
14:55:00	255.97333333333333	6.586666666666667	24.376666666666665	30.406666666666666	19.46	6.73	3.8566666666666665	2.4433333333333334	0.16666666666666666	0.0
15:00:00	247.05666666666667	8.813333333333333	25.683333333333334	27.653333333333332	21.39666666666667	10.986666666666666	5.1866666666666665	2.763333333333333	0.46	0.0
15:05:00	238.41	8.923333333333334	34.166666666666664	21.893333333333334	18.37	15.943333333333333	9.826666666666666	2.3	0.16666666666666666	0.0
15:10:00	230.22666666666666	9.676666666666666	31.956666666666667	27.413333333333334	24.826666666666668	15.25	7.876666666666667	1.2633333333333334	1.51	0.0
15:15:00	226.27666666666667	6.906666666666666	30.516666666666666	34.93	29.016666666666666	14.16	7.226666666666667	0.9666666666666667	0.0	0.0
15:20:00	217.95	10.603333333333333	33.23	37.59	30.04	12.68	7.66	0.24666666666666667	0.0	0.0
15:25:00	216.13333333333333	9.723333333333333	31.696666666666665	37.166666666666664	32.31	15.416666666666666	5.8533333333333335	1.7	0.0	0.0
15:30:00	211.20666666666668	9.763333333333334	31.476666666666667	35.85666666666667	36.22666666666667	20.506666666666668	4.016666666666667	0.9466666666666667	0.0	0.0
15:35:00	201.01666666666668	9.453333333333333	33.06333333333333	41.64333333333333	37.443333333333335	18.30666666666667	8.17	0.9033333333333333	0.0	0.0
15:40:00	194.67333333333335	10.546666666666667	36.95	43.52	38.016666666666666	18.153333333333332	7.156666666666666	0.9833333333333333	0.0	0.0
15:45:00	188.30666666666667	9.326666666666666	38.013333333333335	47.10333333333333	39.42666666666667	17.013333333333332	9.003333333333334	1.8066666666666666	0.0	0.0
15:50:00	187.02	7.36	42.096666666666664	46.086666666666666	39.11333333333334	20.153333333333332	7.0633333333333335	1.1066666666666667	0.0	0.0
15:55:00	192.44	9.296666666666667	40.81333333333333	43.376666666666665	36.483333333333334	17.783333333333335	7.256666666666667	2.55	0.0	0.0
16:00:00	198.83	8.443333333333333	40.6	36.08	35.32333333333333	21.586666666666666	7.163333333333333	1.9733333333333334	0.0	0.0
16:05:00	202.71	11.25	32.39666666666667	40.943333333333335	35.196666666666665	15.793333333333333	7.366666666666666	4.343333333333334	0.0	0.0
16:10:00	205.03666666666666	10.373333333333333	38.22	38.126666666666665	28.983333333333334	18.89666666666667	9.003333333333334	1.24	0.12	0.0
16:15:00	197.56666666666666	11.423333333333334	36.22666666666667	40.56	32.31666666666667	20.313333333333333	6.8	2.98	1.8133333333333332	0.0
16:20:00	196.53666666666666	10.28	36.45666666666666	43.93333333333333	28.763333333333332	20.576666666666668	7.1433333333333335	4.923333333333333	1.0433333333333332	0.3433333333333333
16:25:00	193.18333333333334	10.153333333333334	41.31333333333333	37.156666666666666	32.12	23.233333333333334	9.95	2.6433333333333335	0.22	0.02666666666666667
16:30:00	196.53666666666666	11.256666666666666	41.95666666666666	36.846666666666664	30.096666666666668	22.57	8.806666666666667	1.1566666666666667	0.7733333333333333	0.0
16:35:00	197.79333333333332	11.83	44.02	41.33	28.543333333333333	17.086666666666666	6.566666666666666	2.6866666666666665	0.14333333333333334	0.0
16:40:00	209.21	9.0	36.78	37.95	27.55	18.706666666666667	7.92	2.296666666666667	0.5866666666666667	0.0
16:45:00	205.62333333333333	8.543333333333333	41.41	34.8	32.836666666666666	16.303333333333335	6.743333333333333	2.993333333333333	0.7466666666666667	0.0
16:50:00	215.15666666666667	8.596666666666666	41.406666666666666	33.64	27.72	13.53	7.14	2.21	0.6	0.0
16:55:00	226.45333333333335	8.143333333333333	35.376666666666665	39.56	24.366666666666667	10.65	4.54	0.91	0.0	0.0
17:00:00	227.35666666666665	7.153333333333333	38.13333333333333	38.32	23.41	11.303333333333333	3.9966666666666666	0.32666666666666666	0.0	0.0
17:05:00	234.72	7.093333333333334	41.27333333333333	34.39	19.89666666666667	10.06	2.3366666666666664	0.23	0.0	0.0
17:10:00	250.16666666666666	7.663333333333333	30.436666666666667	34.92	17.91	6.223333333333334	2.013333333333333	0.6666666666666666	0.0	0.0
17:15:00	259.41333333333336	8.95	28.546666666666667	27.913333333333334	12.87	7.426666666666667	3.3033333333333332	1.5766666666666667	0.0	0.0
17:20:00	268.9266666666667	8.476666666666667	24.606666666666666	16.19333333333333	16.583333333333332	11.353333333333333	3.6466666666666665	0.17666666666666667	0.03666666666666667	0.0
17:25:00	276.81666666666666	5.566666666666666	19.593333333333334	20.866666666666667	16.246666666666666	6.336666666666667	2.6	1.6233333333333333	0.35	0.0
17:30:00	280.49	7.3	22.59	18.336666666666666	12.663333333333334	6.82	1.4633333333333334	0.33666666666666667	0.0	0.0
17:35:00	286.79333333333335	6.14	21.15	20.166666666666668	9.75	4.3	1.7	0.0	0.0	0.0
17:40:00	286.49333333333334	6.34	20.756666666666668	16.753333333333334	13.61	5.18	0.5366666666666666	0.33	0.0	0.0
17:45:00	295.2266666666667	5.33	17.736666666666668	13.43	11.29	5.913333333333333	0.9133333333333333	0.16	0.0	0.0
17:50:00	302.44666666666666	6.083333333333333	11.99	14.016666666666667	10.236666666666666	4.31	0.9166666666666666	0.0	0.0	0.0
17:55:00	302.3	5.993333333333333	17.986666666666668	10.99	8.663333333333334	3.47	0.5966666666666667	0.0	0.0	0.0
18:00:00	307.3066666666667	7.473333333333334	13.676666666666666	10.786666666666667	7.596666666666667	3.0566666666666666	0.10333333333333333	0.0	0.0	0.0
18:05:00	309.0133333333333	6.32	12.91	11.826666666666666	6.763333333333334	1.9766666666666666	1.19	0.0	0.0	0.0
18:10:00	306.8466666666667	7.3133333333333335	14.71	11.273333333333333	6.54	2.74	0.5766666666666667	0.0	0.0	0.0
18:15:00	304.83666666666664	7.976666666666667	16.663333333333334	10.133333333333333	6.61	3.6433333333333335	0.13666666666666666	0.0	0.0	0.0
18:20:00	306.3333333333333	4.096666666666667	14.253333333333334	12.876666666666667	9.196666666666667	3.1766666666666667	0.06666666666666667	0.0	0.0	0.0
18:25:00	306.8333333333333	6.846666666666667	11.323333333333334	13.57	8.236666666666666	2.6033333333333335	0.5866666666666667	0.0	0.0	0.0
18:30:00	310.16	7.073333333333333	13.843333333333334	7.773333333333333	6.463333333333333	4.08	0.6066666666666667	0.0	0.0	0.0
18:35:00	316.34	7.15	6.773333333333333	8.516666666666667	7.85	2.9966666666666666	0.37333333333333335	0.0	0.0	0.0
18:40:00	318.1766666666667	3.8266666666666667	9.033333333333333	9.763333333333334	7.533333333333333	1.6666666666666667	0.0	0.0	0.0	0.0
18:45:00	318.52	5.073333333333333	8.743333333333334	10.606666666666667	4.756666666666667	1.0266666666666666	1.2733333333333334	0.0	0.0	0.0
18:50:00	318.72333333333336	3.9133333333333336	8.19	7.826666666666667	7.6066666666666665	3.74	0.0	0.0	0.0	0.0
18:55:00	318.7366666666667	4.12	11.07	8.876666666666667	4.4366666666666665	1.26	1.2233333333333334	0.27666666666666667	0.0	0.0
19:00:00	319.38666666666666	4.616666666666666	9.766666666666667	8.973333333333333	5.08	1.72	0.45666666666666667	0.0	0.0	0.0
19:05:00	321.2033333333333	2.93	8.71	10.396666666666667	3.88	2.0533333333333332	0.8266666666666667	0.0	0.0	0.0
19:10:00	320.72	5.073333333333333	10.606666666666667	5.82	4.3566666666666665	3.07	0.35333333333333333	0.0	0.0	0.0
19:15:00	324.46	3.4766666666666666	6.316666666666666	8.24	3.6233333333333335	2.82	1.0633333333333332	0.0	0.0	0.0
19:20:00	324.32666666666665	3.62	7.69	5.8966666666666665	4.67	2.7666666666666666	0.5366666666666666	0.49333333333333335	0.0	0.0
19:25:00	323.83	5.173333333333333	9.823333333333334	4.57	2.9233333333333333	2.68	0.73	0.27	0.0	0.0
19:30:00	325.37666666666667	4.49	6.943333333333333	7.903333333333333	3.88	1.33	0.07666666666666666	0.0	0.0	0.0
19:35:00	325.75	3.88	6.816666666666666	7.846666666666667	4.0633333333333335	0.6433333333333333	1.0	0.0	0.0	0.0
19:40:00	327.6166666666667	4.78	6.783333333333333	5.083333333333333	2.62	2.54	0.5766666666666667	0.0	0.0	0.0
19:45:00	331.05	2.986666666666667	5.163333333333333	3.81	4.886666666666667	1.3466666666666667	0.7566666666666667	0.0	0.0	0.0
19:50:00	333.06	2.88	3.82	5.88	3.3	1.06	0.0	0.0	0.0	0.0
19:55:00	333.08666666666664	2.9766666666666666	4.223333333333334	4.293333333333333	2.39	2.283333333333333	0.7466666666666667	0.0	0.0	0.0
20:00:00	331.9533333333333	3.8066666666666666	5.566666666666666	2.53	4.19	1.9366666666666668	0.016666666666666666	0.0	0.0	0.0
20:05:00	333.64	2.546666666666667	4.416666666666667	4.223333333333334	2.96	1.4866666666666666	0.7266666666666667	0.0	0.0	0.0
20:10:00	334.66	2.32	4.6033333333333335	4.3533333333333335	1.65	1.9866666666666666	0.4266666666666667	0.0	0.0	0.0
20:15:00	333.47333333333336	2.59	5.133333333333334	5.226666666666667	2.52	0.7733333333333333	0.2833333333333333	0.0	0.0	0.0
20:20:00	333.4166666666667	3.87	7.083333333333333	2.276666666666667	1.47	0.87	0.12666666666666668	0.8866666666666667	0.0	0.0
20:25:00	335.2866666666667	2.3833333333333333	6.1066666666666665	2.8733333333333335	1.38	0.56	1.41	0.0	0.0	0.0
20:30:00	336.75333333333333	2.513333333333333	2.3333333333333335	3.41	3.6033333333333335	1.3866666666666667	0.0	0.0	0.0	0.0
20:35:00	336.05333333333334	2.026666666666667	3.683333333333333	4.796666666666667	2.59	0.85	0.0	0.0	0.0	0.0
20:40:00	335.68333333333334	2.716666666666667	4.44	3.8966666666666665	2.3633333333333333	0.9	0.0	0.0	0.0	0.0
20:45:00	338.44	2.01	3.4266666666666667	3.1233333333333335	2.0933333333333333	0.9066666666666666	0.0	0.0	0.0	0.0
20:50:00	338.97333333333336	2.84	1.7833333333333334	2.3966666666666665	2.7266666666666666	1.28	0.0	0.0	0.0	0.0
20:55:00	339.1166666666667	1.4566666666666668	3.23	2.39	1.39	1.52	0.8966666666666666	0.0	0.0	0.0
21:00:00	337.92	2.9833333333333334	2.1466666666666665	1.9966666666666666	3.37	1.5833333333333333	0.0	0.0	0.0	0.0
21:05:00	339.27	1.62	2.3333333333333335	3.243333333333333	2.19	1.3433333333333333	0.0	0.0	0.0	0.0
21:10:00	339.91333333333336	1.0466666666666666	2.56	4.006666666666667	2.473333333333333	0.0	0.0	0.0	0.0	0.0
21:15:00	340.00666666666666	1.8433333333333333	4.76	1.62	0.8966666666666666	0.8733333333333333	0.0	0.0	0.0	0.0
21:20:00	341.94666666666666	1.9566666666666668	3.5366666666666666	0.5866666666666667	1.3066666666666666	0.6666666666666666	0.0	0.0	0.0	0.0
21:25:00	343.76666666666665	1.2333333333333334	1.8833333333333333	2.4266666666666667	0.69	0.0	0.0	0.0	0.0	0.0
21:30:00	343.66333333333336	1.15	2.39	0.8733333333333333	0.85	0.7633333333333333	0.31	0.0	0.0	0.0
21:35:00	344.0	1.0	1.0533333333333332	1.1633333333333333	0.63	1.4666666666666666	0.6866666666666666	0.0	0.0	0.0
21:40:00	344.0	0.9966666666666667	1.0033333333333334	1.0933333333333333	1.3866666666666667	0.52	1.0	0.0	0.0	0.0
21:45:00	344.21666666666664	0.8	2.36	1.5	0.35	0.72	0.05333333333333334	0.0	0.0	0.0
21:50:00	343.62	1.5266666666666666	2.3633333333333333	1.3566666666666667	1.1333333333333333	0.0	0.0	0.0	0.0	0.0
21:55:00	345.74	1.39	1.6033333333333333	0.3	0.9666666666666667	0.0	0.0	0.0	0.0	0.0
22:00:00	347.0	0.41	0.8533333333333334	1.7366666666666666	0.0	0.0	0.0	0.0	0.0	0.0
22:05:00	346.6433333333333	0.5333333333333333	1.64	1.0866666666666667	0.09666666666666666	0.0	0.0	0.0	0.0	0.0
22:10:00	346.9766666666667	0.64	0.55	0.8333333333333334	0.49	0.45666666666666667	0.05333333333333334	0.0	0.0	0.0
22:15:00	346.6533333333333	0.47333333333333333	1.7933333333333332	0.08	0.0	0.0	0.5566666666666666	0.44333333333333336	0.0	0.0
22:20:00	347.7033333333333	0.96	0.33666666666666667	0.0	0.31666666666666665	0.45	0.23333333333333334	0.0	0.0	0.0
22:25:00	347.2866666666667	0.7133333333333334	1.14	0.6933333333333334	0.16666666666666666	0.0	0.0	0.0	0.0	0.0
22:30:00	347.41333333333336	0.6333333333333333	1.15	0.8033333333333333	0.0	0.0	0.0	0.0	0.0	0.0
22:35:00	348.5366666666667	0.4	1.0633333333333332	0.0	0.0	0.0	0.0	0.0	0.0	0.0
22:40:00	350.0	0.0	0.0	0.0	0.0	0.0	0.0	0.0	0.0	0.0
22:45:00	350.0	0.0	0.0	0.0	0.0	0.0	0.0	0.0	0.0	0.0
22:50:00	350.0	0.0	0.0	0.0	0.0	0.0	0.0	0.0	0.0	0.0
22:55:00	350.0	0.0	0.0	0.0	0.0	0.0	0.0	0.0	0.0	0.0
23:00:00	350.0	0.0	0.0	0.0	0.0	0.0	0.0	0.0	0.0	0.0
23:05:00	350.0	0.0	0.0	0.0	0.0	0.0	0.0	0.0	0.0	0.0
23:10:00	350.0	0.0	0.0	0.0	0.0	0.0	0.0	0.0	0.0	0.0
23:15:00	350.0	0.0	0.0	0.0	0.0	0.0	0.0	0.0	0.0	0.0
23:20:00	350.0	0.0	0.0	0.0	0.0	0.0	0.0	0.0	0.0	0.0
23:25:00	350.0	0.0	0.0	0.0	0.0	0.0	0.0	0.0	0.0	0.0
23:30:00	350.0	0.0	0.0	0.0	0.0	0.0	0.0	0.0	0.0	0.0
23:35:00	350.0	0.0	0.0	0.0	0.0	0.0	0.0	0.0	0.0	0.0
23:40:00	350.0	0.0	0.0	0.0	0.0	0.0	0.0	0.0	0.0	0.0
23:45:00	350.0	0.0	0.0	0.0	0.0	0.0	0.0	0.0	0.0	0.0
23:50:00	350.0	0.0	0.0	0.0	0.0	0.0	0.0	0.0	0.0	0.0
23:55:00	350.0	0.0	0.0	0.0	0.0	0.0	0.0	0.0	0.0	0.0
24:00:00	0.0	0.0	0.0	0.0	0.0	0.0	0.0	0.0	0.0	0.0
