time	STAY	0 pax	1 pax	2 pax	3 pax	4 pax
00:00:00	249.16666666666666	0.0	0.0	0.0	0.0	0.0
00:05:00	250.0	0.0	0.0	0.0	0.0	0.0
00:10:00	250.0	0.0	0.0	0.0	0.0	0.0
00:15:00	250.0	0.0	0.0	0.0	0.0	0.0
00:20:00	250.0	0.0	0.0	0.0	0.0	0.0
00:25:00	250.0	0.0	0.0	0.0	0.0	0.0
00:30:00	250.0	0.0	0.0	0.0	0.0	0.0
00:35:00	250.0	0.0	0.0	0.0	0.0	0.0
00:40:00	250.0	0.0	0.0	0.0	0.0	0.0
00:45:00	250.0	0.0	0.0	0.0	0.0	0.0
00:50:00	250.0	0.0	0.0	0.0	0.0	0.0
00:55:00	250.0	0.0	0.0	0.0	0.0	0.0
01:00:00	250.0	0.0	0.0	0.0	0.0	0.0
01:05:00	250.0	0.0	0.0	0.0	0.0	0.0
01:10:00	250.0	0.0	0.0	0.0	0.0	0.0
01:15:00	250.0	0.0	0.0	0.0	0.0	0.0
01:20:00	250.0	0.0	0.0	0.0	0.0	0.0
01:25:00	250.0	0.0	0.0	0.0	0.0	0.0
01:30:00	250.0	0.0	0.0	0.0	0.0	0.0
01:35:00	250.0	0.0	0.0	0.0	0.0	0.0
01:40:00	250.0	0.0	0.0	0.0	0.0	0.0
01:45:00	250.0	0.0	0.0	0.0	0.0	0.0
01:50:00	250.0	0.0	0.0	0.0	0.0	0.0
01:55:00	250.0	0.0	0.0	0.0	0.0	0.0
02:00:00	250.0	0.0	0.0	0.0	0.0	0.0
02:05:00	250.0	0.0	0.0	0.0	0.0	0.0
02:10:00	250.0	0.0	0.0	0.0	0.0	0.0
02:15:00	250.0	0.0	0.0	0.0	0.0	0.0
02:20:00	250.0	0.0	0.0	0.0	0.0	0.0
02:25:00	250.0	0.0	0.0	0.0	0.0	0.0
02:30:00	250.0	0.0	0.0	0.0	0.0	0.0
02:35:00	250.0	0.0	0.0	0.0	0.0	0.0
02:40:00	250.0	0.0	0.0	0.0	0.0	0.0
02:45:00	250.0	0.0	0.0	0.0	0.0	0.0
02:50:00	250.0	0.0	0.0	0.0	0.0	0.0
02:55:00	250.0	0.0	0.0	0.0	0.0	0.0
03:00:00	250.0	0.0	0.0	0.0	0.0	0.0
03:05:00	250.0	0.0	0.0	0.0	0.0	0.0
03:10:00	250.0	0.0	0.0	0.0	0.0	0.0
03:15:00	250.0	0.0	0.0	0.0	0.0	0.0
03:20:00	250.0	0.0	0.0	0.0	0.0	0.0
03:25:00	250.0	0.0	0.0	0.0	0.0	0.0
03:30:00	250.0	0.0	0.0	0.0	0.0	0.0
03:35:00	250.0	0.0	0.0	0.0	0.0	0.0
03:40:00	250.0	0.0	0.0	0.0	0.0	0.0
03:45:00	250.0	0.0	0.0	0.0	0.0	0.0
03:50:00	250.0	0.0	0.0	0.0	0.0	0.0
03:55:00	250.0	0.0	0.0	0.0	0.0	0.0
04:00:00	250.0	0.0	0.0	0.0	0.0	0.0
04:05:00	250.0	0.0	0.0	0.0	0.0	0.0
04:10:00	250.0	0.0	0.0	0.0	0.0	0.0
04:15:00	250.0	0.0	0.0	0.0	0.0	0.0
04:20:00	250.0	0.0	0.0	0.0	0.0	0.0
04:25:00	250.0	0.0	0.0	0.0	0.0	0.0
04:30:00	250.0	0.0	0.0	0.0	0.0	0.0
04:35:00	250.0	0.0	0.0	0.0	0.0	0.0
04:40:00	250.0	0.0	0.0	0.0	0.0	0.0
04:45:00	250.0	0.0	0.0	0.0	0.0	0.0
04:50:00	250.0	0.0	0.0	0.0	0.0	0.0
04:55:00	250.0	0.0	0.0	0.0	0.0	0.0
05:00:00	247.70666666666668	1.7266666666666666	0.5666666666666667	0.0	0.0	0.0
05:05:00	243.60333333333332	1.04	4.59	0.7666666666666667	0.0	0.0
05:10:00	236.14	2.96	5.16	3.6866666666666665	1.9466666666666668	0.10666666666666667
05:15:00	226.01666666666668	4.346666666666667	7.9	5.316666666666666	4.283333333333333	2.1366666666666667
05:20:00	219.00666666666666	4.79	7.32	5.0633333333333335	8.206666666666667	5.613333333333333
05:25:00	214.31	3.7866666666666666	9.773333333333333	5.703333333333333	8.153333333333334	8.273333333333333
05:30:00	210.57333333333332	5.17	11.686666666666667	9.71	8.356666666666667	4.503333333333333
05:35:00	210.36	4.806666666666667	13.573333333333334	8.89	8.29	4.08
05:40:00	213.24333333333334	4.87	7.906666666666666	9.33	8.87	5.78
05:45:00	210.12333333333333	5.053333333333334	12.716666666666667	7.63	8.143333333333333	6.333333333333333
05:50:00	207.42333333333335	7.4	12.7	10.973333333333333	7.663333333333333	3.84
05:55:00	206.42	4.946666666666666	12.246666666666666	12.03	8.31	6.046666666666667
06:00:00	204.46666666666667	5.943333333333333	12.783333333333333	11.276666666666667	11.633333333333333	3.8966666666666665
06:05:00	200.91	7.18	12.693333333333333	10.546666666666667	12.05	6.62
06:10:00	194.63	7.21	16.56	11.56	12.343333333333334	7.696666666666666
06:15:00	188.43	11.693333333333333	14.276666666666667	12.32	14.673333333333334	8.606666666666667
06:20:00	181.21666666666667	16.066666666666666	20.206666666666667	13.613333333333333	14.236666666666666	4.66
06:25:00	175.59666666666666	12.53	28.426666666666666	17.546666666666667	10.063333333333333	5.836666666666667
06:30:00	165.52	13.076666666666666	27.57	22.69	15.58	5.5633333333333335
06:35:00	151.79333333333332	18.14666666666667	26.653333333333332	27.516666666666666	18.756666666666668	7.133333333333334
06:40:00	136.00666666666666	18.75	27.476666666666667	33.95	23.97	9.846666666666666
06:45:00	120.21333333333334	17.44333333333333	42.54333333333334	30.826666666666668	25.796666666666667	13.176666666666666
06:50:00	106.45	19.33	40.38	45.32333333333333	26.27	12.246666666666666
06:55:00	93.12666666666667	18.846666666666668	37.20666666666666	48.57333333333333	37.403333333333336	14.843333333333334
07:00:00	86.04333333333334	14.906666666666666	37.32	53.59	40.333333333333336	17.80666666666667
07:05:00	80.37	14.556666666666667	43.11666666666667	49.54333333333334	43.516666666666666	18.89666666666667
07:10:00	75.53	16.503333333333334	40.97666666666667	60.97666666666667	40.97666666666667	15.036666666666667
07:15:00	69.40333333333334	17.563333333333333	52.51	58.67	37.516666666666666	14.336666666666666
07:20:00	68.96	13.846666666666666	58.193333333333335	58.1	36.29666666666667	14.603333333333333
07:25:00	72.34333333333333	13.98	46.34	57.333333333333336	45.43	14.573333333333334
07:30:00	67.79	11.98	48.653333333333336	61.14333333333333	42.416666666666664	18.016666666666666
07:35:00	66.85333333333334	11.983333333333333	48.43	63.093333333333334	43.71666666666667	15.923333333333334
07:40:00	67.28	12.946666666666667	53.54	55.46333333333333	45.513333333333335	15.256666666666666
07:45:00	71.15666666666667	15.316666666666666	45.086666666666666	54.53333333333333	46.096666666666664	17.81
07:50:00	74.56	9.666666666666666	50.653333333333336	59.35	37.943333333333335	17.826666666666668
07:55:00	82.02333333333333	8.136666666666667	45.28666666666667	55.69	39.196666666666665	19.666666666666668
08:00:00	86.13333333333334	7.906666666666666	40.233333333333334	49.07666666666667	42.44	24.21
08:05:00	89.52333333333333	7.576666666666667	42.02	48.43	39.92	22.53
08:10:00	94.85666666666667	8.156666666666666	41.93	50.47	35.79666666666667	18.79
08:15:00	97.05333333333333	11.133333333333333	43.906666666666666	39.04666666666667	40.28	18.58
08:20:00	99.37666666666667	9.253333333333334	42.696666666666665	46.63	38.02	14.023333333333333
08:25:00	106.33666666666667	8.566666666666666	37.693333333333335	51.75	30.753333333333334	14.9
08:30:00	112.96666666666667	9.666666666666666	36.61	40.22	33.38666666666666	17.15
08:35:00	117.02333333333333	8.036666666666667	40.20333333333333	37.88666666666666	33.9	12.95
08:40:00	131.42666666666668	5.83	36.85	45.586666666666666	23.323333333333334	6.983333333333333
08:45:00	141.99	9.58	41.873333333333335	35.2	15.91	5.446666666666666
08:50:00	158.14666666666668	8.183333333333334	36.34	24.2	17.52	5.61
08:55:00	170.91	8.2	30.31	20.22	11.906666666666666	8.453333333333333
09:00:00	180.10666666666665	8.156666666666666	23.523333333333333	17.906666666666666	15.816666666666666	4.49
09:05:00	186.66	5.1066666666666665	17.176666666666666	20.26	14.123333333333333	6.673333333333333
09:10:00	190.05666666666667	5.513333333333334	18.903333333333332	14.033333333333333	12.773333333333333	8.72
09:15:00	192.39666666666668	5.983333333333333	18.63	18.55	11.713333333333333	2.7266666666666666
09:20:00	195.6	6.193333333333333	21.26	16.373333333333335	7.926666666666667	2.6466666666666665
09:25:00	202.05	5.79	15.856666666666667	14.9	7.226666666666667	4.176666666666667
09:30:00	206.79333333333332	5.27	12.793333333333333	11.463333333333333	10.883333333333333	2.796666666666667
09:35:00	207.56666666666666	4.046666666666667	10.053333333333333	13.413333333333334	10.233333333333333	4.6866666666666665
09:40:00	205.17666666666668	6.403333333333333	11.23	12.09	9.933333333333334	5.166666666666667
09:45:00	206.56	4.86	14.026666666666667	14.39	7.716666666666667	2.4466666666666668
09:50:00	209.40666666666667	7.3133333333333335	11.696666666666667	8.576666666666666	10.106666666666667	2.9
09:55:00	208.42	6.366666666666666	14.17	8.643333333333333	7.39	5.01
10:00:00	207.95333333333335	4.706666666666667	12.906666666666666	13.21	8.55	2.6733333333333333
10:05:00	204.56	4.1033333333333335	15.0	11.18	9.376666666666667	5.78
10:10:00	203.99333333333334	5.823333333333333	10.603333333333333	12.796666666666667	10.316666666666666	6.466666666666667
10:15:00	205.23	4.183333333333334	11.386666666666667	11.696666666666667	10.773333333333333	6.73
10:20:00	204.26	7.216666666666667	10.12	13.016666666666667	11.21	4.176666666666667
10:25:00	203.28333333333333	4.94	15.946666666666667	9.943333333333333	9.773333333333333	6.113333333333333
10:30:00	205.0	4.816666666666666	12.363333333333333	12.6	10.733333333333333	4.486666666666666
10:35:00	205.65333333333334	4.383333333333334	10.566666666666666	14.49	8.303333333333333	6.6033333333333335
10:40:00	203.94666666666666	6.696666666666666	12.496666666666666	8.903333333333334	12.55	5.406666666666666
10:45:00	200.04666666666665	6.263333333333334	16.316666666666666	13.583333333333334	10.443333333333333	3.3466666666666667
10:50:00	199.81666666666666	7.39	16.7	11.77	8.376666666666667	5.946666666666666
10:55:00	200.69333333333333	6.43	15.686666666666667	11.943333333333333	10.226666666666667	5.02
11:00:00	199.79666666666665	5.32	15.88	13.08	10.626666666666667	5.296666666666667
11:05:00	200.50333333333333	6.583333333333333	16.153333333333332	14.66	9.313333333333333	2.7866666666666666
11:10:00	201.20666666666668	6.7	15.876666666666667	15.0	8.406666666666666	2.81
11:15:00	203.06	4.516666666666667	13.046666666666667	15.473333333333333	10.206666666666667	3.6966666666666668
11:20:00	201.49666666666667	3.88	13.156666666666666	12.983333333333333	12.013333333333334	6.47
11:25:00	198.49333333333334	4.02	13.733333333333333	15.413333333333334	12.493333333333334	5.846666666666667
11:30:00	193.88	3.8133333333333335	16.883333333333333	18.94	12.563333333333333	3.92
11:35:00	192.51333333333332	4.14	16.12	17.94	14.053333333333333	5.233333333333333
11:40:00	193.13333333333333	2.8433333333333333	18.526666666666667	20.263333333333332	10.076666666666666	5.156666666666666
11:45:00	196.46666666666667	3.716666666666667	20.106666666666666	15.846666666666666	10.65	3.2133333333333334
11:50:00	202.14333333333335	5.013333333333334	15.906666666666666	15.716666666666667	7.796666666666667	3.4233333333333333
11:55:00	204.82666666666665	4.456666666666667	17.04	12.14	8.87	2.6666666666666665
12:00:00	206.45333333333335	3.506666666666667	13.366666666666667	14.266666666666667	9.513333333333334	2.8933333333333335
12:05:00	207.69666666666666	3.5166666666666666	9.303333333333333	14.72	10.803333333333333	3.96
12:10:00	204.83333333333334	7.333333333333333	15.63	8.683333333333334	9.28	4.24
12:15:00	203.81666666666666	5.883333333333334	15.513333333333334	12.54	9.493333333333334	2.7533333333333334
12:20:00	203.03333333333333	3.466666666666667	12.75	15.34	10.283333333333333	5.126666666666667
12:25:00	199.33	4.536666666666667	14.126666666666667	14.42	11.96	5.626666666666667
12:30:00	198.17	3.45	13.933333333333334	17.566666666666666	11.46	5.42
12:35:00	201.00666666666666	2.8633333333333333	16.793333333333333	13.636666666666667	12.82	2.88
12:40:00	206.77666666666667	3.7266666666666666	13.02	14.506666666666666	7.253333333333333	4.716666666666667
12:45:00	212.23666666666668	3.6766666666666667	8.766666666666667	15.3	7.74	2.28
12:50:00	214.92666666666668	3.24	14.353333333333333	10.84	5.176666666666667	1.4633333333333334
12:55:00	220.68666666666667	4.3533333333333335	11.826666666666666	7.803333333333334	3.93	1.4
13:00:00	224.11333333333334	4.056666666666667	9.773333333333333	6.43	3.6333333333333333	1.9933333333333334
13:05:00	225.77666666666667	3.203333333333333	5.556666666666667	5.426666666666667	7.166666666666667	2.87
13:10:00	224.29333333333332	2.7333333333333334	5.516666666666667	4.39	7.376666666666667	5.69
13:15:00	222.88333333333333	1.93	7.246666666666667	6.276666666666666	6.953333333333333	4.71
13:20:00	224.51666666666668	2.183333333333333	8.206666666666667	6.296666666666667	6.006666666666667	2.79
13:25:00	229.11333333333334	3.6533333333333333	6.176666666666667	2.6633333333333336	5.383333333333334	3.01
13:30:00	227.18333333333334	3.1633333333333336	8.72	3.683333333333333	4.326666666666667	2.9233333333333333
13:35:00	224.56333333333333	2.9566666666666666	6.99	8.756666666666666	4.74	1.9933333333333334
13:40:00	224.37666666666667	3.9166666666666665	7.596666666666667	4.213333333333333	6.073333333333333	3.8233333333333333
13:45:00	224.53666666666666	2.47	7.28	4.18	8.116666666666667	3.4166666666666665
13:50:00	222.31	2.6233333333333335	7.496666666666667	9.026666666666667	5.22	3.3233333333333333
13:55:00	220.99	4.716666666666667	7.043333333333333	5.03	7.953333333333333	4.266666666666667
14:00:00	220.26666666666668	3.4766666666666666	7.3933333333333335	8.266666666666667	7.736666666666666	2.86
14:05:00	219.24	5.666666666666667	7.826666666666667	6.1866666666666665	7.543333333333333	3.5366666666666666
14:10:00	216.85333333333332	4.013333333333334	10.493333333333334	8.406666666666666	7.61	2.6233333333333335
14:15:00	208.64333333333335	6.513333333333334	13.273333333333333	7.653333333333333	6.98	6.9366666666666665
14:20:00	207.27	5.34	12.676666666666666	9.623333333333333	11.356666666666667	3.7333333333333334
14:25:00	199.56	8.486666666666666	15.763333333333334	9.786666666666667	9.26	7.1433333333333335
14:30:00	191.16666666666666	7.35	17.003333333333334	15.883333333333333	13.346666666666666	5.25
14:35:00	184.99333333333334	7.8	20.173333333333332	17.413333333333334	14.036666666666667	5.583333333333333
14:40:00	176.33333333333334	9.813333333333333	18.92	22.83	16.046666666666667	6.056666666666667
14:45:00	167.17666666666668	9.99	22.043333333333333	20.206666666666667	21.903333333333332	8.68
14:50:00	155.52666666666667	12.463333333333333	25.15	24.733333333333334	21.116666666666667	11.01
14:55:00	143.80666666666667	13.423333333333334	30.196666666666665	26.573333333333334	25.546666666666667	10.453333333333333
15:00:00	137.1	12.78	25.133333333333333	36.28333333333333	30.006666666666668	8.696666666666667
15:05:00	127.56333333333333	8.92	35.50333333333333	36.07333333333333	27.026666666666667	14.913333333333334
15:10:00	122.40333333333334	9.273333333333333	36.75333333333333	37.236666666666665	31.766666666666666	12.566666666666666
15:15:00	116.19666666666667	11.933333333333334	35.01	43.27333333333333	32.73	10.856666666666667
15:20:00	109.66666666666667	12.203333333333333	40.513333333333335	42.833333333333336	28.636666666666667	16.14666666666667
15:25:00	99.67666666666666	14.566666666666666	46.656666666666666	44.75	31.72	12.63
15:30:00	95.34	15.273333333333333	44.12	50.016666666666666	36.23	9.02
15:35:00	88.35	13.126666666666667	42.61	53.35	37.78	14.783333333333333
15:40:00	83.52	11.3	43.24333333333333	56.24666666666667	40.18	15.51
15:45:00	77.34666666666666	9.626666666666667	51.28333333333333	51.983333333333334	44.56666666666667	15.193333333333333
15:50:00	79.22666666666667	9.606666666666667	45.92333333333333	59.656666666666666	43.836666666666666	11.75
15:55:00	79.7	12.496666666666666	43.486666666666665	60.446666666666665	39.67	14.2
16:00:00	80.16333333333333	13.446666666666667	44.42666666666667	55.166666666666664	41.56333333333333	15.233333333333333
16:05:00	80.74	17.636666666666667	40.17666666666667	58.93666666666667	42.413333333333334	10.096666666666666
16:10:00	77.13	15.26	53.693333333333335	50.63	40.096666666666664	13.19
16:15:00	75.61	15.786666666666667	43.88666666666666	58.446666666666665	42.5	13.77
16:20:00	73.07666666666667	13.43	46.38	57.89333333333333	42.156666666666666	17.063333333333333
16:25:00	71.33333333333333	11.87	48.013333333333335	64.60333333333334	40.086666666666666	14.093333333333334
16:30:00	76.14333333333333	10.653333333333334	55.61333333333334	56.63	39.72	11.24
16:35:00	80.83666666666667	16.203333333333333	56.733333333333334	43.233333333333334	36.56666666666667	16.426666666666666
16:40:00	86.68	14.88	42.836666666666666	54.12	36.943333333333335	14.54
16:45:00	93.56333333333333	7.636666666666667	46.86333333333334	48.64	37.13333333333333	16.163333333333334
16:50:00	102.87333333333333	11.416666666666666	41.74333333333333	46.583333333333336	36.11	11.273333333333333
16:55:00	110.99333333333334	11.74	43.27333333333333	45.22	26.366666666666667	12.406666666666666
17:00:00	124.34	10.303333333333333	38.03	37.79333333333334	29.91	9.623333333333333
17:05:00	129.74	10.713333333333333	41.53	41.2	20.25	6.566666666666666
17:10:00	142.02666666666667	8.13	35.846666666666664	39.88333333333333	18.686666666666667	5.426666666666667
17:15:00	150.73333333333332	10.453333333333333	36.27	24.893333333333334	20.34	7.31
17:20:00	158.64	10.773333333333333	29.213333333333335	27.416666666666668	16.04	7.916666666666667
17:25:00	160.83666666666667	8.953333333333333	31.09	28.84	14.55	5.73
17:30:00	168.41	5.613333333333333	33.416666666666664	24.763333333333332	13.136666666666667	4.66
17:35:00	176.88333333333333	9.74	23.733333333333334	20.18	15.796666666666667	3.6666666666666665
17:40:00	184.11333333333334	7.976666666666667	20.686666666666667	20.473333333333333	13.33	3.42
17:45:00	190.15	5.786666666666667	21.496666666666666	15.36	11.346666666666666	5.86
17:50:00	200.72666666666666	4.333333333333333	15.96	13.463333333333333	11.156666666666666	4.36
17:55:00	204.74666666666667	7.023333333333333	15.27	11.156666666666666	10.223333333333333	1.58
18:00:00	206.03666666666666	6.21	19.64666666666667	8.03	7.286666666666667	2.79
18:05:00	209.43	7.493333333333333	10.66	11.78	7.6433333333333335	2.993333333333333
18:10:00	209.53	4.723333333333334	13.62	9.836666666666666	10.58	1.71
18:15:00	206.71	8.41	10.57	11.983333333333333	7.836666666666667	4.49
18:20:00	208.81	5.94	10.253333333333334	9.413333333333334	12.09	3.493333333333333
18:25:00	207.34333333333333	5.733333333333333	12.746666666666666	13.88	7.95	2.3466666666666667
18:30:00	209.30333333333334	6.176666666666667	14.023333333333333	9.006666666666666	8.95	2.54
18:35:00	214.50333333333333	6.233333333333333	8.69	10.613333333333333	6.943333333333333	3.0166666666666666
18:40:00	212.46333333333334	5.033333333333333	13.773333333333333	13.46	4.27	1.0
18:45:00	213.35666666666665	6.293333333333333	14.006666666666666	7.68	6.21	2.453333333333333
18:50:00	217.85333333333332	4.72	9.33	9.193333333333333	6.303333333333334	2.6
18:55:00	217.51666666666668	4.74	9.343333333333334	9.576666666666666	6.306666666666667	2.5166666666666666
19:00:00	217.71666666666667	5.073333333333333	9.176666666666666	10.126666666666667	6.176666666666667	1.73
19:05:00	217.94333333333333	5.236666666666666	11.026666666666667	8.016666666666667	7.206666666666667	0.57
19:10:00	221.93333333333334	6.09	8.953333333333333	8.933333333333334	3.0233333333333334	1.0666666666666667
19:15:00	222.95666666666668	6.31	8.366666666666667	4.973333333333334	5.483333333333333	1.91
19:20:00	223.99	4.88	6.553333333333334	5.846666666666667	6.75	1.98
19:25:00	222.81666666666666	5.98	7.843333333333334	8.17	3.6033333333333335	1.5866666666666667
19:30:00	223.7	5.63	6.876666666666667	7.533333333333333	5.093333333333334	1.1666666666666667
19:35:00	225.16333333333333	4.3	7.693333333333333	7.576666666666667	3.8	1.4666666666666666
19:40:00	226.86666666666667	5.54	7.366666666666666	6.623333333333333	2.9833333333333334	0.62
19:45:00	230.66666666666666	3.07	7.033333333333333	4.16	3.1933333333333334	1.8766666666666667
19:50:00	231.48	4.056666666666667	2.91	6.133333333333334	4.4366666666666665	0.9833333333333333
19:55:00	233.18	2.6033333333333335	4.8566666666666665	4.993333333333333	2.1133333333333333	2.2533333333333334
20:00:00	231.80666666666667	5.026666666666666	4.326666666666667	4.956666666666667	2.8833333333333333	1.0
20:05:00	233.52666666666667	2.44	6.0633333333333335	3.8333333333333335	2.87	1.2666666666666666
20:10:00	234.66333333333333	2.8	3.5866666666666664	4.15	4.523333333333333	0.27666666666666667
20:15:00	234.58666666666667	2.25	5.916666666666667	4.713333333333333	1.9933333333333334	0.54
20:20:00	235.33333333333334	4.006666666666667	3.6733333333333333	2.263333333333333	3.7733333333333334	0.95
20:25:00	234.81333333333333	2.6866666666666665	4.343333333333334	3.1433333333333335	2.53	2.4833333333333334
20:30:00	234.52333333333334	3.2733333333333334	4.423333333333333	5.3	2.34	0.14
20:35:00	234.66666666666666	3.67	5.596666666666667	5.346666666666667	0.72	0.0
20:40:00	234.81666666666666	2.033333333333333	6.276666666666666	5.273333333333333	1.2666666666666666	0.3333333333333333
20:45:00	234.05666666666667	3.52	5.666666666666667	2.89	2.94	0.9266666666666666
20:50:00	236.65333333333334	3.3066666666666666	2.9	3.8333333333333335	1.5166666666666666	1.79
20:55:00	237.05333333333334	1.4033333333333333	5.36	3.3666666666666667	2.5033333333333334	0.31333333333333335
21:00:00	235.66666666666666	3.203333333333333	4.08	3.66	2.86	0.53
21:05:00	237.37666666666667	0.83	6.203333333333333	2.723333333333333	2.43	0.43666666666666665
21:10:00	238.31666666666666	0.9066666666666666	4.64	4.333333333333333	1.4	0.4033333333333333
21:15:00	240.77	1.3433333333333333	4.8566666666666665	1.9066666666666667	0.5433333333333333	0.58
21:20:00	243.62666666666667	0.77	3.4233333333333333	1.5933333333333333	0.3233333333333333	0.2633333333333333
21:25:00	244.03	1.49	2.4066666666666667	1.11	0.9633333333333334	0.0
21:30:00	242.16	1.93	1.2833333333333334	3.28	1.3466666666666667	0.0
21:35:00	241.65	1.5066666666666666	2.933333333333333	1.07	1.31	1.53
21:40:00	243.55666666666667	1.4133333333333333	1.03	0.74	2.2733333333333334	0.9866666666666667
21:45:00	244.01	0.48333333333333334	1.8	2.3633333333333333	1.3433333333333333	0.0
21:50:00	244.33666666666667	1.79	1.9233333333333333	0.95	0.5	0.5
21:55:00	246.38	1.1366666666666667	1.85	0.31	0.3233333333333333	0.0
22:00:00	247.01666666666668	1.0166666666666666	1.31	0.6566666666666666	0.0	0.0
22:05:00	247.45333333333335	0.5466666666666666	1.24	0.5033333333333333	0.25666666666666665	0.0
22:10:00	247.0	0.59	0.6166666666666667	0.7933333333333333	0.4266666666666667	0.5733333333333334
22:15:00	247.0	0.0	0.8033333333333333	1.56	0.55	0.08666666666666667
22:20:00	247.0	0.0	1.34	1.0133333333333334	0.6466666666666666	0.0
22:25:00	246.46333333333334	1.38	1.0033333333333334	0.9666666666666667	0.18666666666666668	0.0
22:30:00	248.0	0.3466666666666667	1.6533333333333333	0.0	0.0	0.0
22:35:00	248.50333333333333	0.8866666666666667	0.61	0.0	0.0	0.0
22:40:00	249.0	0.37666666666666665	0.6233333333333333	0.0	0.0	0.0
22:45:00	249.39333333333335	0.2	0.4066666666666667	0.0	0.0	0.0
22:50:00	250.0	0.0	0.0	0.0	0.0	0.0
22:55:00	250.0	0.0	0.0	0.0	0.0	0.0
23:00:00	250.0	0.0	0.0	0.0	0.0	0.0
23:05:00	250.0	0.0	0.0	0.0	0.0	0.0
23:10:00	250.0	0.0	0.0	0.0	0.0	0.0
23:15:00	250.0	0.0	0.0	0.0	0.0	0.0
23:20:00	250.0	0.0	0.0	0.0	0.0	0.0
23:25:00	250.0	0.0	0.0	0.0	0.0	0.0
23:30:00	250.0	0.0	0.0	0.0	0.0	0.0
23:35:00	250.0	0.0	0.0	0.0	0.0	0.0
23:40:00	250.0	0.0	0.0	0.0	0.0	0.0
23:45:00	250.0	0.0	0.0	0.0	0.0	0.0
23:50:00	250.0	0.0	0.0	0.0	0.0	0.0
23:55:00	250.0	0.0	0.0	0.0	0.0	0.0
24:00:00	0.0	0.0	0.0	0.0	0.0	0.0
