time	STAY	0 pax	1 pax	2 pax	3 pax	4 pax	5 pax	6 pax	7 pax	8 pax
00:00:00	299.0	0.0	0.0	0.0	0.0	0.0	0.0	0.0	0.0	0.0
00:05:00	300.0	0.0	0.0	0.0	0.0	0.0	0.0	0.0	0.0	0.0
00:10:00	300.0	0.0	0.0	0.0	0.0	0.0	0.0	0.0	0.0	0.0
00:15:00	300.0	0.0	0.0	0.0	0.0	0.0	0.0	0.0	0.0	0.0
00:20:00	300.0	0.0	0.0	0.0	0.0	0.0	0.0	0.0	0.0	0.0
00:25:00	300.0	0.0	0.0	0.0	0.0	0.0	0.0	0.0	0.0	0.0
00:30:00	300.0	0.0	0.0	0.0	0.0	0.0	0.0	0.0	0.0	0.0
00:35:00	300.0	0.0	0.0	0.0	0.0	0.0	0.0	0.0	0.0	0.0
00:40:00	300.0	0.0	0.0	0.0	0.0	0.0	0.0	0.0	0.0	0.0
00:45:00	300.0	0.0	0.0	0.0	0.0	0.0	0.0	0.0	0.0	0.0
00:50:00	300.0	0.0	0.0	0.0	0.0	0.0	0.0	0.0	0.0	0.0
00:55:00	300.0	0.0	0.0	0.0	0.0	0.0	0.0	0.0	0.0	0.0
01:00:00	300.0	0.0	0.0	0.0	0.0	0.0	0.0	0.0	0.0	0.0
01:05:00	300.0	0.0	0.0	0.0	0.0	0.0	0.0	0.0	0.0	0.0
01:10:00	300.0	0.0	0.0	0.0	0.0	0.0	0.0	0.0	0.0	0.0
01:15:00	300.0	0.0	0.0	0.0	0.0	0.0	0.0	0.0	0.0	0.0
01:20:00	300.0	0.0	0.0	0.0	0.0	0.0	0.0	0.0	0.0	0.0
01:25:00	300.0	0.0	0.0	0.0	0.0	0.0	0.0	0.0	0.0	0.0
01:30:00	300.0	0.0	0.0	0.0	0.0	0.0	0.0	0.0	0.0	0.0
01:35:00	300.0	0.0	0.0	0.0	0.0	0.0	0.0	0.0	0.0	0.0
01:40:00	300.0	0.0	0.0	0.0	0.0	0.0	0.0	0.0	0.0	0.0
01:45:00	300.0	0.0	0.0	0.0	0.0	0.0	0.0	0.0	0.0	0.0
01:50:00	300.0	0.0	0.0	0.0	0.0	0.0	0.0	0.0	0.0	0.0
01:55:00	300.0	0.0	0.0	0.0	0.0	0.0	0.0	0.0	0.0	0.0
02:00:00	300.0	0.0	0.0	0.0	0.0	0.0	0.0	0.0	0.0	0.0
02:05:00	300.0	0.0	0.0	0.0	0.0	0.0	0.0	0.0	0.0	0.0
02:10:00	300.0	0.0	0.0	0.0	0.0	0.0	0.0	0.0	0.0	0.0
02:15:00	300.0	0.0	0.0	0.0	0.0	0.0	0.0	0.0	0.0	0.0
02:20:00	300.0	0.0	0.0	0.0	0.0	0.0	0.0	0.0	0.0	0.0
02:25:00	300.0	0.0	0.0	0.0	0.0	0.0	0.0	0.0	0.0	0.0
02:30:00	300.0	0.0	0.0	0.0	0.0	0.0	0.0	0.0	0.0	0.0
02:35:00	300.0	0.0	0.0	0.0	0.0	0.0	0.0	0.0	0.0	0.0
02:40:00	300.0	0.0	0.0	0.0	0.0	0.0	0.0	0.0	0.0	0.0
02:45:00	300.0	0.0	0.0	0.0	0.0	0.0	0.0	0.0	0.0	0.0
02:50:00	300.0	0.0	0.0	0.0	0.0	0.0	0.0	0.0	0.0	0.0
02:55:00	300.0	0.0	0.0	0.0	0.0	0.0	0.0	0.0	0.0	0.0
03:00:00	300.0	0.0	0.0	0.0	0.0	0.0	0.0	0.0	0.0	0.0
03:05:00	300.0	0.0	0.0	0.0	0.0	0.0	0.0	0.0	0.0	0.0
03:10:00	300.0	0.0	0.0	0.0	0.0	0.0	0.0	0.0	0.0	0.0
03:15:00	300.0	0.0	0.0	0.0	0.0	0.0	0.0	0.0	0.0	0.0
03:20:00	300.0	0.0	0.0	0.0	0.0	0.0	0.0	0.0	0.0	0.0
03:25:00	300.0	0.0	0.0	0.0	0.0	0.0	0.0	0.0	0.0	0.0
03:30:00	300.0	0.0	0.0	0.0	0.0	0.0	0.0	0.0	0.0	0.0
03:35:00	300.0	0.0	0.0	0.0	0.0	0.0	0.0	0.0	0.0	0.0
03:40:00	300.0	0.0	0.0	0.0	0.0	0.0	0.0	0.0	0.0	0.0
03:45:00	300.0	0.0	0.0	0.0	0.0	0.0	0.0	0.0	0.0	0.0
03:50:00	300.0	0.0	0.0	0.0	0.0	0.0	0.0	0.0	0.0	0.0
03:55:00	300.0	0.0	0.0	0.0	0.0	0.0	0.0	0.0	0.0	0.0
04:00:00	300.0	0.0	0.0	0.0	0.0	0.0	0.0	0.0	0.0	0.0
04:05:00	300.0	0.0	0.0	0.0	0.0	0.0	0.0	0.0	0.0	0.0
04:10:00	300.0	0.0	0.0	0.0	0.0	0.0	0.0	0.0	0.0	0.0
04:15:00	300.0	0.0	0.0	0.0	0.0	0.0	0.0	0.0	0.0	0.0
04:20:00	300.0	0.0	0.0	0.0	0.0	0.0	0.0	0.0	0.0	0.0
04:25:00	300.0	0.0	0.0	0.0	0.0	0.0	0.0	0.0	0.0	0.0
04:30:00	300.0	0.0	0.0	0.0	0.0	0.0	0.0	0.0	0.0	0.0
04:35:00	300.0	0.0	0.0	0.0	0.0	0.0	0.0	0.0	0.0	0.0
04:40:00	300.0	0.0	0.0	0.0	0.0	0.0	0.0	0.0	0.0	0.0
04:45:00	300.0	0.0	0.0	0.0	0.0	0.0	0.0	0.0	0.0	0.0
04:50:00	300.0	0.0	0.0	0.0	0.0	0.0	0.0	0.0	0.0	0.0
04:55:00	300.0	0.0	0.0	0.0	0.0	0.0	0.0	0.0	0.0	0.0
05:00:00	297.70666666666665	1.6966666666666668	0.5966666666666667	0.0	0.0	0.0	0.0	0.0	0.0	0.0
05:05:00	293.08666666666664	1.31	5.133333333333334	0.47	0.0	0.0	0.0	0.0	0.0	0.0
05:10:00	287.47	3.32	4.386666666666667	2.276666666666667	2.4466666666666668	0.1	0.0	0.0	0.0	0.0
05:15:00	278.25	3.8433333333333333	6.93	3.6966666666666668	3.49	3.3266666666666667	0.42	0.043333333333333335	0.0	0.0
05:20:00	272.07	2.513333333333333	7.54	4.01	5.52	3.776666666666667	2.77	1.8	0.0	0.0
05:25:00	267.3	3.7666666666666666	6.126666666666667	5.246666666666667	6.13	6.653333333333333	3.506666666666667	1.27	0.0	0.0
05:30:00	262.55333333333334	4.623333333333333	7.366666666666666	7.3	7.6033333333333335	6.89	2.9033333333333333	0.76	0.0	0.0
05:35:00	261.3833333333333	5.48	7.676666666666667	8.456666666666667	7.1866666666666665	6.113333333333333	3.21	0.49333333333333335	0.0	0.0
05:40:00	260.3566666666667	6.3566666666666665	10.593333333333334	6.8966666666666665	6.213333333333333	6.496666666666667	2.5166666666666666	0.57	0.0	0.0
05:45:00	263.75	3.1266666666666665	11.8	6.92	4.45	3.7866666666666666	4.14	1.32	0.7066666666666667	0.0
05:50:00	260.68	5.713333333333333	8.926666666666666	5.11	8.5	5.43	4.083333333333333	1.46	0.09666666666666666	0.0
05:55:00	256.8833333333333	4.173333333333333	8.49	9.536666666666667	7.596666666666667	5.723333333333334	5.983333333333333	1.3466666666666667	0.26666666666666666	0.0
06:00:00	251.90666666666667	6.13	11.516666666666667	7.636666666666667	9.713333333333333	8.12	4.27	0.7066666666666667	0.0	0.0
06:05:00	247.57	6.766666666666667	14.77	12.776666666666667	7.466666666666667	5.986666666666666	3.486666666666667	1.1766666666666667	0.0	0.0
06:10:00	243.55666666666667	9.086666666666666	17.85333333333333	8.743333333333334	10.213333333333333	6.92	3.493333333333333	0.13333333333333333	0.0	0.0
06:15:00	242.39666666666668	8.95	15.993333333333334	11.203333333333333	7.47	9.313333333333333	4.346666666666667	0.32666666666666666	0.0	0.0
06:20:00	235.81	11.203333333333333	20.93	11.366666666666667	9.393333333333333	3.0866666666666664	4.47	3.74	0.0	0.0
06:25:00	227.17	11.166666666666666	23.133333333333333	15.35	8.023333333333333	7.523333333333333	5.1433333333333335	2.49	0.0	0.0
06:30:00	218.09666666666666	11.156666666666666	26.71	13.846666666666666	12.09	12.716666666666667	4.34	1.0433333333333332	0.0	0.0
06:35:00	206.39333333333335	16.18	19.893333333333334	21.296666666666667	17.876666666666665	11.17	5.746666666666667	1.4433333333333334	0.0	0.0
06:40:00	189.92666666666668	15.223333333333333	26.43	23.233333333333334	21.716666666666665	16.25	6.073333333333333	1.1466666666666667	0.0	0.0
06:45:00	174.29333333333332	14.87	29.196666666666665	24.86	26.513333333333332	19.356666666666666	7.823333333333333	3.0866666666666664	0.0	0.0
06:50:00	162.18666666666667	15.236666666666666	27.013333333333332	29.256666666666668	30.516666666666666	21.76	9.933333333333334	3.716666666666667	0.38	0.0
06:55:00	153.97666666666666	10.666666666666666	24.096666666666668	35.653333333333336	35.526666666666664	26.15	10.63	2.83	0.23	0.24
07:00:00	146.00666666666666	9.343333333333334	25.426666666666666	39.14333333333333	41.13666666666666	24.71	10.813333333333333	2.42	0.72	0.28
07:05:00	140.96666666666667	12.253333333333334	30.79	40.51	34.0	28.026666666666667	9.16	3.6633333333333336	0.63	0.0
07:10:00	138.25333333333333	12.793333333333333	32.45333333333333	42.06333333333333	38.95	22.4	8.666666666666666	4.42	0.0	0.0
07:15:00	133.15	14.623333333333333	38.733333333333334	49.49	32.71	16.476666666666667	10.643333333333333	3.33	0.72	0.12333333333333334
07:20:00	125.75	15.016666666666667	48.623333333333335	46.17666666666667	28.81	20.74	11.676666666666666	2.9066666666666667	0.0	0.3
07:25:00	126.47	13.873333333333333	42.46	40.37	36.303333333333335	26.653333333333332	9.793333333333333	3.493333333333333	0.5833333333333334	0.0
07:30:00	129.47333333333333	16.19	29.923333333333332	42.11	42.78666666666667	27.2	10.056666666666667	2.0366666666666666	0.22333333333333333	0.0
07:35:00	128.24333333333334	8.656666666666666	36.67	44.626666666666665	44.35666666666667	27.133333333333333	8.05	1.2633333333333334	0.013333333333333334	0.9866666666666667
07:40:00	126.8	8.65	41.88	44.086666666666666	43.46666666666667	25.80666666666667	7.323333333333333	1.3933333333333333	0.24333333333333335	0.35
07:45:00	124.00333333333333	14.39	41.68	48.693333333333335	37.556666666666665	23.046666666666667	9.66	0.9266666666666666	0.043333333333333335	0.0
07:50:00	128.14666666666668	12.013333333333334	43.99	46.96333333333333	35.81	21.073333333333334	8.933333333333334	2.77	0.3	0.0
07:55:00	138.42333333333335	12.233333333333333	33.31333333333333	40.78	38.71	22.606666666666666	10.116666666666667	3.046666666666667	0.6833333333333333	0.08666666666666667
08:00:00	146.81	9.933333333333334	34.42666666666667	37.47666666666667	33.986666666666665	18.41	12.823333333333334	3.223333333333333	2.11	0.8
08:05:00	150.07	8.97	35.25	35.79	35.54	20.046666666666667	10.076666666666666	3.37	0.5333333333333333	0.35333333333333333
08:10:00	157.48666666666668	6.583333333333333	36.03	36.2	30.11	22.763333333333332	8.783333333333333	1.5566666666666666	0.4866666666666667	0.0
08:15:00	162.07	8.72	29.2	35.81666666666667	34.42666666666667	19.516666666666666	6.296666666666667	3.6233333333333335	0.33	0.0
08:20:00	157.86	9.496666666666666	37.73	35.79333333333334	29.133333333333333	15.28	10.81	2.986666666666667	0.7133333333333334	0.19666666666666666
08:25:00	169.26	6.226666666666667	33.82333333333333	31.996666666666666	31.926666666666666	17.403333333333332	5.88	2.8033333333333332	0.68	0.0
08:30:00	178.33	8.16	26.76	33.7	23.706666666666667	18.186666666666667	8.713333333333333	1.8966666666666667	0.5466666666666666	0.0
08:35:00	184.99666666666667	5.1066666666666665	30.023333333333333	30.38	26.07	15.826666666666666	5.97	1.6266666666666667	0.0	0.0
08:40:00	193.16666666666666	5.703333333333333	25.973333333333333	34.78	21.456666666666667	10.923333333333334	6.21	1.5433333333333332	0.24333333333333335	0.0
08:45:00	201.37666666666667	8.016666666666667	31.316666666666666	28.276666666666667	17.43	9.626666666666667	3.06	0.8966666666666666	0.0	0.0
08:50:00	215.80666666666667	7.663333333333333	25.17	20.246666666666666	15.363333333333333	10.53	5.22	0.0	0.0	0.0
08:55:00	224.91	9.89	20.226666666666667	14.926666666666666	17.03	10.136666666666667	2.743333333333333	0.13666666666666666	0.0	0.0
09:00:00	232.98	7.07	20.63	18.026666666666667	10.07	6.81	2.37	2.0433333333333334	0.0	0.0
09:05:00	238.20333333333335	5.56	18.973333333333333	15.63	9.793333333333333	9.483333333333333	2.3566666666666665	0.0	0.0	0.0
09:10:00	244.89333333333335	6.126666666666667	16.513333333333332	13.446666666666667	9.983333333333333	6.56	2.38	0.09666666666666666	0.0	0.0
09:15:00	246.85666666666665	6.95	16.416666666666668	14.18	7.9366666666666665	5.026666666666666	1.8466666666666667	0.7866666666666666	0.0	0.0
09:20:00	251.67	4.376666666666667	16.533333333333335	11.886666666666667	8.026666666666667	5.1866666666666665	2.32	0.0	0.0	0.0
09:25:00	255.48	4.93	12.886666666666667	8.583333333333334	8.253333333333334	7.483333333333333	1.6133333333333333	0.77	0.0	0.0
09:30:00	258.51666666666665	5.126666666666667	11.046666666666667	7.58	6.866666666666666	6.596666666666667	3.743333333333333	0.5233333333333333	0.0	0.0
09:35:00	259.83666666666664	3.756666666666667	12.273333333333333	7.93	8.24	5.31	2.0433333333333334	0.61	0.0	0.0
09:40:00	259.3933333333333	6.383333333333334	10.33	8.706666666666667	8.043333333333333	6.17	0.9733333333333334	0.0	0.0	0.0
09:45:00	260.75	4.736666666666666	12.263333333333334	8.516666666666667	7.28	4.3566666666666665	1.99	0.10666666666666667	0.0	0.0
09:50:00	261.49666666666667	4.13	9.726666666666667	8.833333333333334	8.163333333333334	5.39	1.6733333333333333	0.5866666666666667	0.0	0.0
09:55:00	260.95666666666665	4.5633333333333335	9.546666666666667	8.246666666666666	6.586666666666667	6.453333333333333	3.6466666666666665	0.0	0.0	0.0
10:00:00	257.70666666666665	4.82	12.19	6.3	9.28	6.886666666666667	2.5033333333333334	0.23	0.08333333333333333	0.0
10:05:00	256.7733333333333	5.67	10.92	9.513333333333334	5.496666666666667	7.663333333333333	2.566666666666667	0.9333333333333333	0.4633333333333333	0.0
10:10:00	258.74666666666667	4.096666666666667	10.476666666666667	6.283333333333333	9.503333333333334	5.1066666666666665	4.8533333333333335	0.6266666666666667	0.30666666666666664	0.0
10:15:00	258.47333333333336	4.11	7.413333333333333	11.113333333333333	9.113333333333333	6.696666666666666	2.08	0.13333333333333333	0.8666666666666667	0.0
10:20:00	255.75666666666666	6.42	11.306666666666667	8.173333333333334	9.363333333333333	5.17	2.8366666666666664	0.5833333333333334	0.39	0.0
10:25:00	253.34333333333333	5.303333333333334	17.32	9.8	5.993333333333333	4.4366666666666665	2.3	1.5033333333333334	0.0	0.0
10:30:00	256.8233333333333	4.673333333333333	13.016666666666667	10.343333333333334	9.1	2.79	1.77	1.4833333333333334	0.0	0.0
10:35:00	258.0466666666667	3.6533333333333333	7.483333333333333	12.19	9.546666666666667	5.486666666666666	2.763333333333333	0.83	0.0	0.0
10:40:00	256.94	5.723333333333334	9.833333333333334	9.81	7.826666666666667	8.14	1.14	0.5866666666666667	0.0	0.0
10:45:00	255.33666666666667	7.043333333333333	11.0	8.836666666666666	7.93	6.27	2.8966666666666665	0.6866666666666666	0.0	0.0
10:50:00	254.18666666666667	4.49	12.036666666666667	10.26	9.7	4.71	3.2666666666666666	1.35	0.0	0.0
10:55:00	252.72	6.54	12.063333333333333	11.623333333333333	7.153333333333333	6.16	3.243333333333333	0.49666666666666665	0.0	0.0
11:00:00	253.01333333333332	4.19	14.04	11.27	10.023333333333333	5.12	1.8966666666666667	0.44666666666666666	0.0	0.0
11:05:00	253.14666666666668	4.46	13.873333333333333	11.303333333333333	8.84	6.096666666666667	2.28	0.0	0.0	0.0
11:10:00	252.75	6.68	11.48	11.266666666666667	8.086666666666666	5.996666666666667	3.013333333333333	0.7266666666666667	0.0	0.0
11:15:00	251.11333333333334	7.673333333333333	8.863333333333333	11.61	11.313333333333333	6.703333333333333	2.6933333333333334	0.03	0.0	0.0
11:20:00	249.71333333333334	4.4	10.993333333333334	10.19	11.61	9.62	3.03	0.44333333333333336	0.0	0.0
11:25:00	245.40666666666667	5.163333333333333	9.713333333333333	16.10333333333333	10.413333333333334	7.22	5.256666666666667	0.6166666666666667	0.10666666666666667	0.0
11:30:00	245.71333333333334	3.45	12.603333333333333	13.973333333333333	15.063333333333333	6.87	1.2533333333333334	0.67	0.4033333333333333	0.0
11:35:00	245.79666666666665	3.3633333333333333	16.076666666666668	14.843333333333334	8.433333333333334	5.933333333333334	3.65	1.4733333333333334	0.43	0.0
11:40:00	248.05333333333334	4.203333333333333	13.263333333333334	11.823333333333334	11.64	5.83	3.9133333333333336	0.9966666666666667	0.27666666666666667	0.0
11:45:00	253.37	2.743333333333333	8.88	12.253333333333334	12.11	6.256666666666667	2.6566666666666667	1.73	0.0	0.0
11:50:00	254.01	4.64	12.586666666666666	9.17	9.693333333333333	6.736666666666666	1.8866666666666667	0.43666666666666665	0.6033333333333334	0.23666666666666666
11:55:00	259.53333333333336	3.5766666666666667	10.836666666666666	9.576666666666666	9.54	4.496666666666667	1.44	0.47333333333333333	0.41333333333333333	0.11333333333333333
12:00:00	262.47333333333336	3.35	10.376666666666667	9.46	6.883333333333334	4.516666666666667	2.0733333333333333	0.8666666666666667	0.0	0.0
12:05:00	260.97	4.503333333333333	9.18	9.003333333333334	8.926666666666666	4.413333333333333	2.4066666666666667	0.5966666666666667	0.0	0.0
12:10:00	256.44666666666666	4.713333333333333	9.533333333333333	11.603333333333333	10.933333333333334	3.9233333333333333	2.473333333333333	0.37333333333333335	0.0	0.0
12:15:00	251.59	4.403333333333333	12.626666666666667	14.496666666666666	9.88	4.673333333333333	1.4566666666666668	0.8733333333333333	0.0	0.0
12:20:00	250.95666666666668	2.5566666666666666	13.496666666666666	12.98	9.266666666666667	7.013333333333334	2.6033333333333335	1.02	0.10666666666666667	0.0
12:25:00	249.94666666666666	3.2333333333333334	12.36	13.276666666666667	10.723333333333333	7.59	2.5766666666666667	0.29333333333333333	0.0	0.0
12:30:00	249.54333333333332	4.72	14.92	11.406666666666666	9.9	5.226666666666667	3.42	0.8633333333333333	0.0	0.0
12:35:00	253.54333333333332	2.6666666666666665	11.513333333333334	14.846666666666666	9.53	4.42	3.28	0.2	0.0	0.0
12:40:00	256.65	3.1633333333333336	12.253333333333334	12.433333333333334	8.443333333333333	5.366666666666666	1.5633333333333332	0.12666666666666668	0.0	0.0
12:45:00	265.29	4.01	12.286666666666667	8.113333333333333	7.053333333333334	2.2466666666666666	0.5966666666666667	0.4033333333333333	0.0	0.0
12:50:00	274.5966666666667	3.993333333333333	9.323333333333334	3.5733333333333333	4.38	2.8666666666666667	1.2666666666666666	0.0	0.0	0.0
12:55:00	277.7	2.3333333333333335	8.283333333333333	5.3966666666666665	2.53	1.8866666666666667	1.87	0.0	0.0	0.0
13:00:00	276.22	3.4433333333333334	8.173333333333334	6.553333333333334	2.42	1.77	1.19	0.23	0.0	0.0
13:05:00	275.75333333333333	3.6133333333333333	9.136666666666667	3.8366666666666664	3.316666666666667	1.6633333333333333	1.14	1.2766666666666666	0.2633333333333333	0.0
13:10:00	276.6333333333333	3.94	5.8533333333333335	2.1533333333333333	2.5166666666666666	3.23	4.8966666666666665	0.7766666666666666	0.0	0.0
13:15:00	275.31666666666666	2.953333333333333	6.776666666666666	3.033333333333333	3.716666666666667	3.5	2.6733333333333333	2.03	0.0	0.0
13:20:00	275.43666666666667	2.3233333333333333	6.59	6.193333333333333	3.04	3.5533333333333332	2.6533333333333333	0.21	0.0	0.0
13:25:00	276.14	4.426666666666667	8.333333333333334	2.6866666666666665	3.93	3.1733333333333333	1.2066666666666668	0.10333333333333333	0.0	0.0
13:30:00	277.41	3.263333333333333	8.18	5.76	2.3133333333333335	0.9133333333333333	1.4	0.76	0.0	0.0
13:35:00	277.33	2.11	7.25	4.46	5.023333333333333	3.026666666666667	0.8	0.0	0.0	0.0
13:40:00	276.36	3.8633333333333333	5.0633333333333335	4.77	3.316666666666667	3.81	1.89	0.5766666666666667	0.35	0.0
13:45:00	275.74	2.62	7.98	4.33	2.6666666666666665	1.9833333333333334	2.71	1.7066666666666668	0.2633333333333333	0.0
13:50:00	272.74333333333334	3.5533333333333332	7.77	4.213333333333333	4.88	4.31	2.11	0.42	0.0	0.0
13:55:00	272.05	3.44	8.61	4.716666666666667	3.3466666666666667	4.07	2.8633333333333333	0.9033333333333333	0.0	0.0
14:00:00	273.93666666666667	3.236666666666667	6.13	4.753333333333333	4.593333333333334	5.333333333333333	1.9066666666666667	0.11	0.0	0.0
14:05:00	270.08666666666664	4.72	7.96	4.916666666666667	5.776666666666666	4.516666666666667	1.5566666666666666	0.4666666666666667	0.0	0.0
14:10:00	266.71	4.1066666666666665	12.146666666666667	5.593333333333334	4.473333333333334	3.0566666666666666	2.91	1.0033333333333334	0.0	0.0
14:15:00	261.62	6.58	8.823333333333334	9.15	6.456666666666667	4.086666666666667	2.816666666666667	0.4666666666666667	0.0	0.0
14:20:00	255.34666666666666	3.8533333333333335	14.406666666666666	10.006666666666666	7.343333333333334	3.02	3.723333333333333	2.3	0.0	0.0
14:25:00	249.15	7.6	13.556666666666667	7.78	9.293333333333333	6.723333333333334	4.3566666666666665	1.54	0.0	0.0
14:30:00	242.19333333333333	6.583333333333333	16.326666666666668	11.41	10.59	7.18	5.163333333333333	0.5533333333333333	0.0	0.0
14:35:00	236.41	6.37	19.286666666666665	11.346666666666666	14.626666666666667	9.796666666666667	1.1633333333333333	0.6566666666666666	0.3433333333333333	0.0
14:40:00	227.82	8.72	20.41	15.2	11.383333333333333	9.84	5.433333333333334	1.02	0.17333333333333334	0.0
14:45:00	219.46666666666667	9.693333333333333	19.236666666666668	18.313333333333333	11.703333333333333	12.503333333333334	6.59	1.4933333333333334	0.36666666666666664	0.6333333333333333
14:50:00	211.50333333333333	7.95	24.493333333333332	17.203333333333333	16.846666666666668	14.496666666666666	5.5633333333333335	0.9433333333333334	0.6833333333333333	0.31666666666666665
14:55:00	201.42666666666668	11.983333333333333	19.553333333333335	24.983333333333334	20.97	12.21	5.63	2.8	0.44333333333333336	0.0
15:00:00	190.68666666666667	7.57	33.233333333333334	23.7	21.043333333333333	12.803333333333333	7.363333333333333	3.1066666666666665	0.49333333333333335	0.0
15:05:00	187.74	9.083333333333334	27.35	19.55	25.076666666666668	20.863333333333333	6.183333333333334	3.9166666666666665	0.23666666666666666	0.0
15:10:00	188.18666666666667	7.73	23.996666666666666	23.60333333333333	22.503333333333334	19.516666666666666	10.8	3.6633333333333336	0.0	0.0
15:15:00	176.11666666666667	10.716666666666667	23.576666666666668	32.406666666666666	26.053333333333335	16.04	10.243333333333334	4.576666666666667	0.27	0.0
15:20:00	166.92333333333335	8.503333333333334	32.5	30.163333333333334	34.21666666666667	18.906666666666666	6.48	2.3066666666666666	0.0	0.0
15:25:00	156.9	12.353333333333333	33.19	35.05	31.546666666666667	22.41	7.806666666666667	0.7433333333333333	0.0	0.0
15:30:00	151.66	9.73	33.583333333333336	42.10666666666667	30.386666666666667	23.066666666666666	8.043333333333333	1.2	0.22333333333333333	0.0
15:35:00	144.57333333333332	11.426666666666666	36.013333333333335	39.266666666666666	31.856666666666666	21.753333333333334	10.936666666666667	4.173333333333333	0.0	0.0
15:40:00	142.22	7.44	38.18	36.766666666666666	36.67666666666667	27.843333333333334	10.116666666666667	0.7566666666666667	0.0	0.0
15:45:00	141.13	8.776666666666667	31.31	43.28	42.52	21.94333333333333	8.86	1.8233333333333333	0.3566666666666667	0.0
15:50:00	136.74	8.903333333333334	43.8	41.82333333333333	34.75666666666667	19.34	10.146666666666667	3.7666666666666666	0.7233333333333334	0.0
15:55:00	140.54	9.43	40.24666666666667	40.986666666666665	33.04	19.373333333333335	12.816666666666666	3.566666666666667	0.0	0.0
16:00:00	144.9	10.473333333333333	33.85333333333333	39.276666666666664	35.093333333333334	21.286666666666665	10.686666666666667	3.5433333333333334	0.26	0.6266666666666667
16:05:00	144.18666666666667	10.186666666666667	38.053333333333335	39.153333333333336	33.59	22.45	7.973333333333334	3.42	0.9866666666666667	0.0
16:10:00	146.66666666666666	12.536666666666667	30.666666666666668	41.20333333333333	34.63666666666666	24.956666666666667	6.6866666666666665	2.1966666666666668	0.45	0.0
16:15:00	146.77	9.146666666666667	30.4	42.47666666666667	37.32666666666667	20.876666666666665	9.973333333333333	2.6366666666666667	0.3933333333333333	0.0
16:20:00	143.57333333333332	6.403333333333333	34.29666666666667	43.82333333333333	40.79666666666667	19.80666666666667	7.8533333333333335	2.4466666666666668	0.5833333333333334	0.4166666666666667
16:25:00	136.6	14.746666666666666	37.903333333333336	41.13	35.53	23.663333333333334	7.35	2.1166666666666667	0.72	0.24
16:30:00	137.56	13.56	40.223333333333336	40.31333333333333	37.27	18.726666666666667	9.74	2.4	0.20666666666666667	0.0
16:35:00	140.95333333333335	11.556666666666667	38.093333333333334	47.29666666666667	34.46333333333333	17.166666666666668	7.69	2.3	0.23333333333333334	0.24666666666666667
16:40:00	147.94333333333333	10.923333333333334	36.27333333333333	37.96333333333333	37.85333333333333	18.793333333333333	8.076666666666666	1.16	0.94	0.07333333333333333
16:45:00	156.81333333333333	8.026666666666667	32.18	38.68666666666667	38.416666666666664	18.04	6.153333333333333	1.5233333333333334	0.16	0.0
16:50:00	163.40333333333334	8.4	34.60333333333333	36.2	29.706666666666667	20.493333333333332	4.386666666666667	2.1966666666666668	0.61	0.0
16:55:00	172.41	8.623333333333333	35.85333333333333	35.21333333333333	26.32	15.246666666666666	5.213333333333333	1.12	0.0	0.0
17:00:00	180.60333333333332	9.013333333333334	35.56333333333333	28.1	29.386666666666667	15.08	1.7233333333333334	0.20333333333333334	0.0	0.32666666666666666
17:05:00	191.82	9.413333333333334	28.08	26.296666666666667	27.706666666666667	12.28	4.013333333333334	0.39	0.0	0.0
17:10:00	199.41666666666666	8.35	23.73	28.903333333333332	24.606666666666666	11.693333333333333	3.006666666666667	0.29333333333333333	0.0	0.0
17:15:00	203.86	5.93	29.036666666666665	30.496666666666666	19.71	8.016666666666667	2.4966666666666666	0.4533333333333333	0.0	0.0
17:20:00	215.63	9.223333333333333	27.62	23.57	11.39	9.263333333333334	2.7933333333333334	0.51	0.0	0.0
17:25:00	220.66666666666666	6.433333333333334	28.393333333333334	20.14	11.043333333333333	7.6033333333333335	2.93	2.79	0.0	0.0
17:30:00	230.24333333333334	5.78	24.723333333333333	15.763333333333334	13.28	7.503333333333333	2.55	0.15666666666666668	0.0	0.0
17:35:00	240.49666666666667	5.126666666666667	17.95	15.38	12.486666666666666	6.35	2.21	0.0	0.0	0.0
17:40:00	240.24	3.993333333333333	18.513333333333332	15.85	10.413333333333334	6.743333333333333	3.86	0.38666666666666666	0.0	0.0
17:45:00	241.87333333333333	5.306666666666667	20.986666666666668	11.323333333333334	12.39	4.86	1.8633333333333333	0.89	0.5066666666666667	0.0
17:50:00	253.41333333333333	3.65	13.89	14.416666666666666	10.356666666666667	2.7066666666666666	1.5666666666666667	0.0	0.0	0.0
17:55:00	251.09333333333333	6.693333333333333	17.086666666666666	13.576666666666666	6.8533333333333335	3.8233333333333333	0.78	0.09333333333333334	0.0	0.0
18:00:00	254.96333333333334	5.266666666666667	21.013333333333332	8.34	5.736666666666666	2.4266666666666667	1.1766666666666667	1.0766666666666667	0.0	0.0
18:05:00	259.2266666666667	5.486666666666666	13.33	9.526666666666667	5.69	5.696666666666666	1.0433333333333332	0.0	0.0	0.0
18:10:00	261.06	5.8966666666666665	9.373333333333333	8.966666666666667	6.72	4.256666666666667	3.5033333333333334	0.22333333333333333	0.0	0.0
18:15:00	259.1066666666667	6.026666666666666	9.296666666666667	11.496666666666666	7.6033333333333335	4.81	1.66	0.0	0.0	0.0
18:20:00	257.68333333333334	5.733333333333333	12.476666666666667	10.483333333333333	9.316666666666666	3.6966666666666668	0.61	0.0	0.0	0.0
18:25:00	259.2366666666667	5.173333333333333	10.66	10.873333333333333	9.97	3.8566666666666665	0.23	0.0	0.0	0.0
18:30:00	260.26	4.31	11.413333333333334	11.153333333333334	8.383333333333333	4.48	0.0	0.0	0.0	0.0
18:35:00	262.5233333333333	7.946666666666666	8.246666666666666	9.12	7.4366666666666665	4.24	0.4866666666666667	0.0	0.0	0.0
18:40:00	263.9166666666667	5.55	13.136666666666667	8.86	4.466666666666667	3.09	0.98	0.0	0.0	0.0
18:45:00	267.87666666666667	2.743333333333333	9.71	8.16	7.3133333333333335	2.8766666666666665	1.32	0.0	0.0	0.0
18:50:00	267.71666666666664	3.44	9.096666666666666	12.123333333333333	3.4066666666666667	3.4366666666666665	0.78	0.0	0.0	0.0
18:55:00	267.47	5.533333333333333	12.74	5.233333333333333	4.236666666666666	2.7533333333333334	1.55	0.48333333333333334	0.0	0.0
19:00:00	269.12666666666667	5.786666666666667	6.306666666666667	9.243333333333334	5.416666666666667	2.3133333333333335	1.7933333333333332	0.013333333333333334	0.0	0.0
19:05:00	271.87666666666667	3.533333333333333	8.46	7.433333333333334	6.946666666666666	1.4533333333333334	0.2966666666666667	0.0	0.0	0.0
19:10:00	273.84	4.05	7.11	8.513333333333334	3.69	1.9133333333333333	0.8833333333333333	0.0	0.0	0.0
19:15:00	274.96666666666664	5.883333333333334	6.873333333333333	4.17	4.153333333333333	2.74	0.9	0.31333333333333335	0.0	0.0
19:20:00	277.85	3.3766666666666665	4.77	3.8466666666666667	6.276666666666666	3.0033333333333334	0.8766666666666667	0.0	0.0	0.0
19:25:00	276.99	4.4366666666666665	4.046666666666667	6.1433333333333335	5.723333333333334	2.54	0.12	0.0	0.0	0.0
19:30:00	276.02	4.373333333333333	6.776666666666666	6.023333333333333	3.2866666666666666	3.1966666666666668	0.3233333333333333	0.0	0.0	0.0
19:35:00	277.89	3.88	5.263333333333334	4.973333333333334	4.47	2.85	0.6733333333333333	0.0	0.0	0.0
19:40:00	278.3833333333333	3.96	6.003333333333333	4.516666666666667	4.243333333333333	2.0166666666666666	0.8766666666666667	0.0	0.0	0.0
19:45:00	281.4533333333333	2.91	3.8733333333333335	6.303333333333334	3.5633333333333335	1.6733333333333333	0.22333333333333333	0.0	0.0	0.0
19:50:00	282.43666666666667	4.163333333333333	3.5866666666666664	3.9466666666666668	4.093333333333334	1.7733333333333334	0.0	0.0	0.0	0.0
19:55:00	281.56	3.3566666666666665	5.676666666666667	4.87	2.32	1.6166666666666667	0.6	0.0	0.0	0.0
20:00:00	281.8466666666667	3.91	5.593333333333334	3.6966666666666668	2.53	2.1933333333333334	0.23	0.0	0.0	0.0
20:05:00	284.13666666666666	2.7266666666666666	3.38	3.63	3.55	2.1133333333333333	0.4633333333333333	0.0	0.0	0.0
20:10:00	284.4866666666667	2.5233333333333334	4.3933333333333335	3.816666666666667	2.8966666666666665	1.49	0.3933333333333333	0.0	0.0	0.0
20:15:00	285.04333333333335	1.5533333333333332	5.19	3.6133333333333333	3.6033333333333335	0.9966666666666667	0.0	0.0	0.0	0.0
20:20:00	283.4266666666667	3.5866666666666664	5.516666666666667	4.44	1.9766666666666666	0.9533333333333334	0.1	0.0	0.0	0.0
20:25:00	283.1766666666667	2.82	6.07	4.07	2.3466666666666667	1.5166666666666666	0.0	0.0	0.0	0.0
20:30:00	284.62666666666667	1.9866666666666666	5.333333333333333	3.71	4.09	0.25333333333333335	0.0	0.0	0.0	0.0
20:35:00	286.1766666666667	2.09	2.8833333333333333	4.52	3.3833333333333333	0.9466666666666667	0.0	0.0	0.0	0.0
20:40:00	285.31	2.56	4.59	3.8433333333333333	2.683333333333333	1.0133333333333334	0.0	0.0	0.0	0.0
20:45:00	285.19	2.7733333333333334	4.81	3.7733333333333334	2.2933333333333334	1.16	0.0	0.0	0.0	0.0
20:50:00	285.71666666666664	3.526666666666667	3.6933333333333334	3.6033333333333335	3.2	0.26	0.0	0.0	0.0	0.0
20:55:00	285.67	2.486666666666667	4.536666666666667	5.073333333333333	1.5166666666666666	0.7166666666666667	0.0	0.0	0.0	0.0
21:00:00	286.04	2.86	5.12	2.8833333333333333	1.6166666666666667	1.48	0.0	0.0	0.0	0.0
21:05:00	288.98	0.8	3.1366666666666667	3.0166666666666666	3.0533333333333332	1.0133333333333334	0.0	0.0	0.0	0.0
21:10:00	291.0	0.42333333333333334	2.9466666666666668	2.9466666666666668	2.6766666666666667	0.006666666666666667	0.0	0.0	0.0	0.0
21:15:00	291.1066666666667	2.033333333333333	4.05	0.51	1.2033333333333334	1.0966666666666667	0.0	0.0	0.0	0.0
21:20:00	292.28333333333336	1.3333333333333333	3.1666666666666665	2.1433333333333335	0.44666666666666666	0.6266666666666667	0.0	0.0	0.0	0.0
21:25:00	293.79	1.1866666666666668	2.2933333333333334	0.85	1.2466666666666666	0.6333333333333333	0.0	0.0	0.0	0.0
21:30:00	293.17	1.8166666666666667	1.38	1.7333333333333334	1.1533333333333333	0.7466666666666667	0.0	0.0	0.0	0.0
21:35:00	293.0	0.013333333333333334	2.2333333333333334	2.2866666666666666	0.48	1.32	0.6666666666666666	0.0	0.0	0.0
21:40:00	293.41	0.8266666666666667	1.1233333333333333	0.8566666666666667	1.73	2.0533333333333332	0.0	0.0	0.0	0.0
21:45:00	294.0	0.89	1.9766666666666666	1.46	0.66	0.3933333333333333	0.62	0.0	0.0	0.0
21:50:00	293.58666666666664	1.2366666666666666	3.453333333333333	0.7233333333333334	0.4866666666666667	0.5133333333333333	0.0	0.0	0.0	0.0
21:55:00	295.74	1.7633333333333334	1.4966666666666666	0.8166666666666667	0.18333333333333332	0.0	0.0	0.0	0.0	0.0
22:00:00	297.0966666666667	0.61	1.5333333333333334	0.76	0.0	0.0	0.0	0.0	0.0	0.0
22:05:00	297.4533333333333	0.5466666666666666	1.0866666666666667	0.6466666666666666	0.26666666666666666	0.0	0.0	0.0	0.0	0.0
22:10:00	297.0	0.26	0.65	1.09	0.4166666666666667	0.5833333333333334	0.0	0.0	0.0	0.0
22:15:00	296.6533333333333	0.3466666666666667	1.1233333333333333	0.8766666666666667	0.0	0.42333333333333334	0.5766666666666667	0.0	0.0	0.0
22:20:00	296.72	0.9733333333333334	1.3066666666666666	0.2833333333333333	0.45	0.26666666666666666	0.0	0.0	0.0	0.0
22:25:00	296.95666666666665	1.1133333333333333	1.3666666666666667	0.5633333333333334	0.0	0.0	0.0	0.0	0.0	0.0
22:30:00	298.0	0.43333333333333335	0.9	0.6666666666666666	0.0	0.0	0.0	0.0	0.0	0.0
22:35:00	298.67333333333335	0.4	0.9266666666666666	0.0	0.0	0.0	0.0	0.0	0.0	0.0
22:40:00	300.0	0.0	0.0	0.0	0.0	0.0	0.0	0.0	0.0	0.0
22:45:00	300.0	0.0	0.0	0.0	0.0	0.0	0.0	0.0	0.0	0.0
22:50:00	300.0	0.0	0.0	0.0	0.0	0.0	0.0	0.0	0.0	0.0
22:55:00	300.0	0.0	0.0	0.0	0.0	0.0	0.0	0.0	0.0	0.0
23:00:00	300.0	0.0	0.0	0.0	0.0	0.0	0.0	0.0	0.0	0.0
23:05:00	300.0	0.0	0.0	0.0	0.0	0.0	0.0	0.0	0.0	0.0
23:10:00	300.0	0.0	0.0	0.0	0.0	0.0	0.0	0.0	0.0	0.0
23:15:00	300.0	0.0	0.0	0.0	0.0	0.0	0.0	0.0	0.0	0.0
23:20:00	300.0	0.0	0.0	0.0	0.0	0.0	0.0	0.0	0.0	0.0
23:25:00	300.0	0.0	0.0	0.0	0.0	0.0	0.0	0.0	0.0	0.0
23:30:00	300.0	0.0	0.0	0.0	0.0	0.0	0.0	0.0	0.0	0.0
23:35:00	300.0	0.0	0.0	0.0	0.0	0.0	0.0	0.0	0.0	0.0
23:40:00	300.0	0.0	0.0	0.0	0.0	0.0	0.0	0.0	0.0	0.0
23:45:00	300.0	0.0	0.0	0.0	0.0	0.0	0.0	0.0	0.0	0.0
23:50:00	300.0	0.0	0.0	0.0	0.0	0.0	0.0	0.0	0.0	0.0
23:55:00	300.0	0.0	0.0	0.0	0.0	0.0	0.0	0.0	0.0	0.0
24:00:00	0.0	0.0	0.0	0.0	0.0	0.0	0.0	0.0	0.0	0.0
