time	time	departures_all	arrivals_all	stuck_all	en-route_all	departures_drt	arrivals_drt	stuck_drt	en-route_drt	departures_walk	arrivals_walk	stuck_walk	en-route_walk
00:00:00	0	0	0	0	0	0	0	0	0	0	0	0	0
00:05:00	300	0	0	0	0	0	0	0	0	0	0	0	0
00:10:00	600	0	0	0	0	0	0	0	0	0	0	0	0
00:15:00	900	0	0	0	0	0	0	0	0	0	0	0	0
00:20:00	1200	0	0	0	0	0	0	0	0	0	0	0	0
00:25:00	1500	0	0	0	0	0	0	0	0	0	0	0	0
00:30:00	1800	0	0	0	0	0	0	0	0	0	0	0	0
00:35:00	2100	0	0	0	0	0	0	0	0	0	0	0	0
00:40:00	2400	0	0	0	0	0	0	0	0	0	0	0	0
00:45:00	2700	0	0	0	0	0	0	0	0	0	0	0	0
00:50:00	3000	0	0	0	0	0	0	0	0	0	0	0	0
00:55:00	3300	0	0	0	0	0	0	0	0	0	0	0	0
01:00:00	3600	0	0	0	0	0	0	0	0	0	0	0	0
01:05:00	3900	0	0	0	0	0	0	0	0	0	0	0	0
01:10:00	4200	0	0	0	0	0	0	0	0	0	0	0	0
01:15:00	4500	0	0	0	0	0	0	0	0	0	0	0	0
01:20:00	4800	0	0	0	0	0	0	0	0	0	0	0	0
01:25:00	5100	0	0	0	0	0	0	0	0	0	0	0	0
01:30:00	5400	0	0	0	0	0	0	0	0	0	0	0	0
01:35:00	5700	0	0	0	0	0	0	0	0	0	0	0	0
01:40:00	6000	0	0	0	0	0	0	0	0	0	0	0	0
01:45:00	6300	0	0	0	0	0	0	0	0	0	0	0	0
01:50:00	6600	0	0	0	0	0	0	0	0	0	0	0	0
01:55:00	6900	0	0	0	0	0	0	0	0	0	0	0	0
02:00:00	7200	0	0	0	0	0	0	0	0	0	0	0	0
02:05:00	7500	0	0	0	0	0	0	0	0	0	0	0	0
02:10:00	7800	0	0	0	0	0	0	0	0	0	0	0	0
02:15:00	8100	0	0	0	0	0	0	0	0	0	0	0	0
02:20:00	8400	0	0	0	0	0	0	0	0	0	0	0	0
02:25:00	8700	0	0	0	0	0	0	0	0	0	0	0	0
02:30:00	9000	0	0	0	0	0	0	0	0	0	0	0	0
02:35:00	9300	0	0	0	0	0	0	0	0	0	0	0	0
02:40:00	9600	0	0	0	0	0	0	0	0	0	0	0	0
02:45:00	9900	0	0	0	0	0	0	0	0	0	0	0	0
02:50:00	10200	0	0	0	0	0	0	0	0	0	0	0	0
02:55:00	10500	0	0	0	0	0	0	0	0	0	0	0	0
03:00:00	10800	0	0	0	0	0	0	0	0	0	0	0	0
03:05:00	11100	0	0	0	0	0	0	0	0	0	0	0	0
03:10:00	11400	0	0	0	0	0	0	0	0	0	0	0	0
03:15:00	11700	0	0	0	0	0	0	0	0	0	0	0	0
03:20:00	12000	0	0	0	0	0	0	0	0	0	0	0	0
03:25:00	12300	0	0	0	0	0	0	0	0	0	0	0	0
03:30:00	12600	0	0	0	0	0	0	0	0	0	0	0	0
03:35:00	12900	0	0	0	0	0	0	0	0	0	0	0	0
03:40:00	13200	0	0	0	0	0	0	0	0	0	0	0	0
03:45:00	13500	0	0	0	0	0	0	0	0	0	0	0	0
03:50:00	13800	0	0	0	0	0	0	0	0	0	0	0	0
03:55:00	14100	0	0	0	0	0	0	0	0	0	0	0	0
04:00:00	14400	0	0	0	0	0	0	0	0	0	0	0	0
04:05:00	14700	0	0	0	0	0	0	0	0	0	0	0	0
04:10:00	15000	0	0	0	0	0	0	0	0	0	0	0	0
04:15:00	15300	0	0	0	0	0	0	0	0	0	0	0	0
04:20:00	15600	0	0	0	0	0	0	0	0	0	0	0	0
04:25:00	15900	0	0	0	0	0	0	0	0	0	0	0	0
04:30:00	16200	0	0	0	0	0	0	0	0	0	0	0	0
04:35:00	16500	0	0	0	0	0	0	0	0	0	0	0	0
04:40:00	16800	0	0	0	0	0	0	0	0	0	0	0	0
04:45:00	17100	0	0	0	0	0	0	0	0	0	0	0	0
04:50:00	17400	0	0	0	0	0	0	0	0	0	0	0	0
04:55:00	17700	0	0	0	0	0	0	0	0	0	0	0	0
05:00:00	18000	23	8	0	15	8	0	0	8	15	8	0	7
05:05:00	18300	36	20	0	31	18	1	0	25	18	19	0	6
05:10:00	18600	75	36	0	70	33	2	0	56	42	34	0	14
05:15:00	18900	77	44	0	103	39	3	0	92	38	41	0	11
05:20:00	19200	61	43	0	121	24	11	0	105	37	32	0	16
05:25:00	19500	82	67	0	136	34	17	0	122	48	50	0	14
05:30:00	19800	87	80	0	143	29	27	0	124	58	53	0	19
05:35:00	20100	99	101	0	141	33	36	0	121	66	65	0	20
05:40:00	20400	108	96	0	153	39	26	0	134	69	70	0	19
05:45:00	20700	87	82	0	158	23	32	0	125	64	50	0	33
05:50:00	21000	124	108	0	174	50	30	0	145	74	78	0	29
05:55:00	21300	107	109	0	172	30	37	0	138	77	72	0	34
06:00:00	21600	120	107	0	185	44	30	0	152	76	77	0	33
06:05:00	21900	126	107	0	204	48	31	0	169	78	76	0	35
06:10:00	22200	132	110	0	226	42	36	0	175	90	74	0	51
06:15:00	22500	161	134	0	253	62	39	0	198	99	95	0	55
06:20:00	22800	176	147	0	282	63	38	0	223	113	109	0	59
06:25:00	23100	189	152	0	319	72	40	0	255	117	112	0	64
06:30:00	23400	249	195	0	373	98	55	0	298	151	140	0	75
06:35:00	23700	290	200	0	463	107	46	0	359	183	154	0	104
06:40:00	24000	341	242	0	562	134	59	0	434	207	183	0	128
06:45:00	24300	324	262	0	624	132	69	0	497	192	193	0	127
06:50:00	24600	339	282	0	681	118	88	0	527	221	194	0	154
06:55:00	24900	332	295	0	718	128	83	0	572	204	212	0	146
07:00:00	25200	357	331	0	744	127	114	0	585	230	217	0	159
07:05:00	25500	357	338	0	763	115	117	0	583	242	221	0	180
07:10:00	25800	428	406	0	785	138	132	0	589	290	274	0	196
07:15:00	26100	387	391	0	781	145	120	0	614	242	271	0	167
07:20:00	26400	368	337	0	812	120	113	0	621	248	224	0	191
07:25:00	26700	390	404	0	798	129	137	0	613	261	267	0	185
07:30:00	27000	379	376	0	801	128	122	0	619	251	254	0	182
07:35:00	27300	358	381	0	778	119	128	0	610	239	253	0	168
07:40:00	27600	378	354	0	802	121	124	0	607	257	230	0	195
07:45:00	27900	370	393	0	779	122	133	0	596	248	260	0	183
07:50:00	28200	366	384	0	761	130	125	0	601	236	259	0	160
07:55:00	28500	304	322	0	743	92	111	0	582	212	211	0	161
08:00:00	28800	316	343	0	716	101	121	0	562	215	222	0	154
08:05:00	29100	337	360	0	693	93	143	0	512	244	217	0	181
08:10:00	29400	315	329	0	679	100	112	0	500	215	217	0	179
08:15:00	29700	312	326	0	665	114	103	0	511	198	223	0	154
08:20:00	30000	271	334	0	602	84	116	0	479	187	218	0	123
08:25:00	30300	256	287	0	571	71	115	0	435	185	172	0	136
08:30:00	30600	229	278	0	522	66	104	0	397	163	174	0	125
08:35:00	30900	170	218	0	474	43	83	0	357	127	135	0	117
08:40:00	31200	195	248	0	421	56	99	0	314	139	149	0	107
08:45:00	31500	173	233	0	361	44	88	0	270	129	145	0	91
08:50:00	31800	149	191	0	319	41	73	0	238	108	118	0	81
08:55:00	32100	145	192	0	272	42	67	0	213	103	125	0	59
09:00:00	32400	126	138	0	260	34	58	0	189	92	80	0	71
09:05:00	32700	98	132	0	226	23	45	0	167	75	87	0	59
09:10:00	33000	126	143	0	209	40	51	0	156	86	92	0	53
09:15:00	33300	103	124	0	188	36	42	0	150	67	82	0	38
09:20:00	33600	79	87	0	180	20	31	0	139	59	56	0	41
09:25:00	33900	90	101	0	169	30	34	0	135	60	67	0	34
09:30:00	34200	75	87	0	157	24	28	0	131	51	59	0	26
09:35:00	34500	96	97	0	156	31	31	0	131	65	66	0	25
09:40:00	34800	93	97	0	152	32	34	0	129	61	63	0	23
09:45:00	35100	93	91	0	154	27	30	0	126	66	61	0	28
09:50:00	35400	88	83	0	159	31	28	0	129	57	55	0	30
09:55:00	35700	99	99	0	159	35	30	0	134	64	69	0	25
10:00:00	36000	99	95	0	163	33	29	0	138	66	66	0	25
10:05:00	36300	91	93	0	161	37	27	0	148	54	66	0	13
10:10:00	36600	93	91	0	163	26	35	0	139	67	56	0	24
10:15:00	36900	97	100	0	160	30	34	0	135	67	66	0	25
10:20:00	37200	115	103	0	172	46	31	0	150	69	72	0	22
10:25:00	37500	89	90	0	171	26	29	0	147	63	61	0	24
10:30:00	37800	98	99	0	170	34	35	0	146	64	64	0	24
10:35:00	38100	95	97	0	168	33	30	0	149	62	67	0	19
10:40:00	38400	124	119	0	173	38	42	0	145	86	77	0	28
10:45:00	38700	98	100	0	171	34	33	0	146	64	67	0	25
10:50:00	39000	97	106	0	162	34	34	0	146	63	72	0	16
10:55:00	39300	108	97	0	173	35	32	0	149	73	65	0	24
11:00:00	39600	120	110	0	183	38	38	0	149	82	72	0	34
11:05:00	39900	116	117	0	182	46	34	0	161	70	83	0	21
11:10:00	40200	109	100	0	191	38	31	0	168	71	69	0	23
11:15:00	40500	125	114	0	202	45	38	0	175	80	76	0	27
11:20:00	40800	120	111	0	211	40	33	0	182	80	78	0	29
11:25:00	41100	115	112	0	214	41	33	0	190	74	79	0	24
11:30:00	41400	137	136	0	215	46	49	0	187	91	87	0	28
11:35:00	41700	99	111	0	203	30	40	0	177	69	71	0	26
11:40:00	42000	94	104	0	193	27	37	0	167	67	67	0	26
11:45:00	42300	106	120	0	179	33	43	0	157	73	77	0	22
11:50:00	42600	97	108	0	168	31	39	0	149	66	69	0	19
11:55:00	42900	102	116	0	154	28	42	0	135	74	74	0	19
12:00:00	43200	92	94	0	152	27	34	0	128	65	60	0	24
12:05:00	43500	121	99	0	174	42	28	0	142	79	71	0	32
12:10:00	43800	123	117	0	180	48	36	0	154	75	81	0	26
12:15:00	44100	108	100	0	188	39	31	0	162	69	69	0	26
12:20:00	44400	91	96	0	183	32	30	0	164	59	66	0	19
12:25:00	44700	128	115	0	196	44	38	0	170	84	77	0	26
12:30:00	45000	69	93	0	172	21	34	0	157	48	59	0	15
12:35:00	45300	74	99	0	147	14	45	0	126	60	54	0	21
12:40:00	45600	70	100	0	117	16	41	0	101	54	59	0	16
12:45:00	45900	61	81	0	97	15	31	0	85	46	50	0	12
12:50:00	46200	63	82	0	78	14	34	0	65	49	48	0	13
12:55:00	46500	74	78	0	74	22	26	0	61	52	52	0	13
13:00:00	46800	71	65	0	80	27	20	0	68	44	45	0	12
13:05:00	47100	51	44	0	87	20	13	0	75	31	31	0	12
13:10:00	47400	57	54	0	90	19	16	0	78	38	38	0	12
13:15:00	47700	49	56	0	83	16	22	0	72	33	34	0	11
13:20:00	48000	47	57	0	73	12	20	0	64	35	37	0	9
13:25:00	48300	71	69	0	75	22	23	0	63	49	46	0	12
13:30:00	48600	65	57	0	83	24	16	0	71	41	41	0	12
13:35:00	48900	61	56	0	88	19	21	0	69	42	35	0	19
13:40:00	49200	67	62	0	93	27	18	0	78	40	44	0	15
13:45:00	49500	57	53	0	97	20	16	0	82	37	37	0	15
13:50:00	49800	67	59	0	105	23	19	0	86	44	40	0	19
13:55:00	50100	69	66	0	108	25	20	0	91	44	46	0	17
14:00:00	50400	65	66	0	107	21	21	0	91	44	45	0	16
14:05:00	50700	101	84	0	124	35	26	0	100	66	58	0	24
14:10:00	51000	104	83	0	145	37	22	0	115	67	61	0	30
14:15:00	51300	124	94	0	175	50	21	0	144	74	73	0	31
14:20:00	51600	102	78	0	199	37	22	0	159	65	56	0	40
14:25:00	51900	126	103	0	222	46	30	0	175	80	73	0	47
14:30:00	52200	166	128	0	260	60	38	0	197	106	90	0	63
14:35:00	52500	180	151	0	289	70	35	0	232	110	116	0	57
14:40:00	52800	196	158	0	327	66	55	0	243	130	103	0	84
14:45:00	53100	238	190	0	375	89	51	0	281	149	139	0	94
14:50:00	53400	260	219	0	416	103	54	0	330	157	165	0	86
14:55:00	53700	259	194	0	481	104	53	0	381	155	141	0	100
15:00:00	54000	249	231	0	499	89	72	0	398	160	159	0	101
15:05:00	54300	268	225	0	542	95	69	0	424	173	156	0	118
15:10:00	54600	279	242	0	579	92	78	0	438	187	164	0	141
15:15:00	54900	351	304	0	626	131	93	0	476	220	211	0	150
15:20:00	55200	336	318	0	644	114	95	0	495	222	223	0	149
15:25:00	55500	358	309	0	693	133	94	0	534	225	215	0	159
15:30:00	55800	352	344	0	701	124	110	0	548	228	234	0	153
15:35:00	56100	337	307	0	731	117	93	0	572	220	214	0	159
15:40:00	56400	358	353	0	736	118	122	0	568	240	231	0	168
15:45:00	56700	351	341	0	746	120	115	0	573	231	226	0	173
15:50:00	57000	357	366	0	737	119	125	0	567	238	241	0	170
15:55:00	57300	367	378	0	726	118	142	0	543	249	236	0	183
16:00:00	57600	357	358	0	725	101	120	0	524	256	238	0	201
16:05:00	57900	399	379	0	745	148	116	0	556	251	263	0	189
16:10:00	58200	333	346	0	732	121	101	0	576	212	245	0	156
16:15:00	58500	339	326	0	745	112	114	0	574	227	212	0	171
16:20:00	58800	334	334	0	745	105	116	0	563	229	218	0	182
16:25:00	59100	367	380	0	732	121	131	0	553	246	249	0	179
16:30:00	59400	365	382	0	715	116	140	0	529	249	242	0	186
16:35:00	59700	287	334	0	668	89	114	0	504	198	220	0	164
16:40:00	60000	259	296	0	631	87	100	0	491	172	196	0	140
16:45:00	60300	288	286	0	633	85	110	0	466	203	176	0	167
16:50:00	60600	265	320	0	578	75	128	0	413	190	192	0	165
16:55:00	60900	240	291	0	527	75	100	0	388	165	191	0	139
17:00:00	61200	236	295	0	468	72	102	0	358	164	193	0	110
17:05:00	61500	209	255	0	422	55	102	0	311	154	153	0	111
17:10:00	61800	199	229	0	392	57	82	0	286	142	147	0	106
17:15:00	62100	182	219	0	355	58	74	0	270	124	145	0	85
17:20:00	62400	143	178	0	320	38	65	0	243	105	113	0	77
17:25:00	62700	158	186	0	292	49	71	0	221	109	115	0	71
17:30:00	63000	147	187	0	252	39	71	0	189	108	116	0	63
17:35:00	63300	111	125	0	238	39	36	0	192	72	89	0	46
17:40:00	63600	102	124	0	216	28	51	0	169	74	73	0	47
17:45:00	63900	91	123	0	184	19	50	0	138	72	73	0	46
17:50:00	64200	93	111	0	166	23	41	0	120	70	70	0	46
17:55:00	64500	118	124	0	160	41	39	0	122	77	85	0	38
18:00:00	64800	94	103	0	151	32	36	0	118	62	67	0	33
18:05:00	65100	81	82	0	150	25	26	0	117	56	56	0	33
18:10:00	65400	84	92	0	142	30	30	0	117	54	62	0	25
18:15:00	65700	86	85	0	143	28	27	0	118	58	58	0	25
18:20:00	66000	84	85	0	142	25	31	0	112	59	54	0	30
18:25:00	66300	83	98	0	127	27	35	0	104	56	63	0	23
18:30:00	66600	89	97	0	119	29	31	0	102	60	66	0	17
18:35:00	66900	72	72	0	119	20	28	0	94	52	44	0	25
18:40:00	67200	76	74	0	121	29	22	0	101	47	52	0	20
18:45:00	67500	60	71	0	110	19	25	0	95	41	46	0	15
18:50:00	67800	53	51	0	112	14	17	0	92	39	34	0	20
18:55:00	68100	65	68	0	109	20	26	0	86	45	42	0	23
19:00:00	68400	60	68	0	101	20	26	0	80	40	42	0	21
19:05:00	68700	46	55	0	92	15	16	0	79	31	39	0	13
19:10:00	69000	60	63	0	89	20	19	0	80	40	44	0	9
19:15:00	69300	46	47	0	88	15	20	0	75	31	27	0	13
19:20:00	69600	46	49	0	85	13	17	0	71	33	32	0	14
19:25:00	69900	48	55	0	78	15	20	0	66	33	35	0	12
19:30:00	70200	38	43	0	73	12	14	0	64	26	29	0	9
19:35:00	70500	44	45	0	72	11	19	0	56	33	26	0	16
19:40:00	70800	37	44	0	65	13	15	0	54	24	29	0	11
19:45:00	71100	40	45	0	60	9	18	0	45	31	27	0	15
19:50:00	71400	28	39	0	49	10	12	0	43	18	27	0	6
19:55:00	71700	31	24	0	56	11	8	0	46	20	16	0	10
20:00:00	72000	31	34	0	53	11	11	0	46	20	23	0	7
20:05:00	72300	27	32	0	48	8	11	0	43	19	21	0	5
20:10:00	72600	28	34	0	42	8	13	0	38	20	21	0	4
20:15:00	72900	27	23	0	46	9	8	0	39	18	15	0	7
20:20:00	73200	32	38	0	40	10	13	0	36	22	25	0	4
20:25:00	73500	24	21	0	43	8	8	0	36	16	13	0	7
20:30:00	73800	24	26	0	41	7	8	0	35	17	18	0	6
20:35:00	74100	24	24	0	41	8	8	0	35	16	16	0	6
20:40:00	74400	25	30	0	36	7	11	0	31	18	19	0	5
20:45:00	74700	26	29	0	33	9	9	0	31	17	20	0	2
20:50:00	75000	19	14	0	38	6	6	0	31	13	8	0	7
20:55:00	75300	23	19	0	42	9	6	0	34	14	13	0	8
21:00:00	75600	14	21	0	35	5	6	0	33	9	15	0	2
21:05:00	75900	15	21	0	29	2	11	0	24	13	10	0	5
21:10:00	76200	15	20	0	24	3	8	0	19	12	12	0	5
21:15:00	76500	12	14	0	22	3	5	0	17	9	9	0	5
21:20:00	76800	16	19	0	19	3	8	0	12	13	11	0	7
21:25:00	77100	20	17	0	22	10	2	0	20	10	15	0	2
21:30:00	77400	9	9	0	22	4	3	0	21	5	6	0	1
21:35:00	77700	4	5	0	21	1	2	0	20	3	3	0	1
21:40:00	78000	9	12	0	18	2	5	0	17	7	7	0	1
21:45:00	78300	12	14	0	16	2	7	0	12	10	7	0	4
21:50:00	78600	7	11	0	12	1	5	0	8	6	6	0	4
21:55:00	78900	12	15	0	9	3	5	0	6	9	10	0	3
22:00:00	79200	5	3	0	11	3	0	0	9	2	3	0	2
22:05:00	79500	8	8	0	11	3	3	0	9	5	5	0	2
22:10:00	79800	0	2	0	9	0	0	0	9	0	2	0	0
22:15:00	80100	5	5	0	9	1	3	0	7	4	2	0	2
22:20:00	80400	4	8	0	5	0	3	0	4	4	5	0	1
22:25:00	80700	5	6	0	4	2	2	0	4	3	4	0	0
22:30:00	81000	2	3	0	3	0	2	0	2	2	1	0	1
22:35:00	81300	2	5	0	0	0	2	0	0	2	3	0	0
22:40:00	81600	0	0	0	0	0	0	0	0	0	0	0	0
22:45:00	81900	0	0	0	0	0	0	0	0	0	0	0	0
22:50:00	82200	0	0	0	0	0	0	0	0	0	0	0	0
22:55:00	82500	0	0	0	0	0	0	0	0	0	0	0	0
23:00:00	82800	0	0	0	0	0	0	0	0	0	0	0	0
23:05:00	83100	0	0	0	0	0	0	0	0	0	0	0	0
23:10:00	83400	0	0	0	0	0	0	0	0	0	0	0	0
23:15:00	83700	0	0	0	0	0	0	0	0	0	0	0	0
23:20:00	84000	0	0	0	0	0	0	0	0	0	0	0	0
23:25:00	84300	0	0	0	0	0	0	0	0	0	0	0	0
23:30:00	84600	0	0	0	0	0	0	0	0	0	0	0	0
23:35:00	84900	0	0	0	0	0	0	0	0	0	0	0	0
23:40:00	85200	0	0	0	0	0	0	0	0	0	0	0	0
23:45:00	85500	0	0	0	0	0	0	0	0	0	0	0	0
23:50:00	85800	0	0	0	0	0	0	0	0	0	0	0	0
23:55:00	86100	0	0	0	0	0	0	0	0	0	0	0	0
24:00:00	86400	0	0	0	0	0	0	0	0	0	0	0	0
24:05:00	86700	0	0	0	0	0	0	0	0	0	0	0	0
